1000
326 5244
3430 3297
4704 5634
7165 5794
6014 4734
5313 3020
4529 2632
8328 9353
9448 9322
9508 3333
9614 7449
4092 6140
8932 700
7472 6879
2703 7715
6699 2699
1014 9920
8570 3621
1960 7647
5310 3974
7256 5656
9496 6201
4301 2428
6830 5376
1876 813
9189 3444
2283 7693
7642 1655
2710 7309
9635 9355
2871 8160
7344 9142
4459 8706
2912 1261
326 2261
6960 6243
4615 867
6194 3863
6925 6326
6414 9840
1926 3923
1474 789
9737 1463
6790 697
2344 4001
7028 1066
4020 9364
8783 9153
9984 9711
2220 4106
3411 2975
7097 9253
1081 3581
7717 8739
9167 1750
4954 9321
6915 6566
7778 1196
4410 1019
7027 6371
8063 2572
9940 7787
7434 2318
7104 3929
6712 2665
6006 8939
3720 709
4120 1705
5669 5534
6394 7919
4471 4091
6852 6329
2578 1240
7630 6561
2878 423
6373 9197
3108 2035
631 7766
1136 4414
5279 6173
7468 1814
2768 1605
8667 9304
3541 6271
6079 8644
2002 288
7432 7919
2008 867
3558 8959
3177 8805
5477 9790
4707 8156
9394 2168
2937 328
5845 3791
9909 6167
9392 350
479 5718
2368 5582
7615 4433
6439 7396
3632 1247
5956 1623
1843 9295
5817 6013
7411 854
9342 1547
5315 5670
9525 7509
3667 4924
8478 2717
6917 4499
9555 6828
5031 764
3407 5098
4245 2525
7657 7206
3067 5360
4565 6557
3158 236
8007 9631
2735 4711
4375 9286
9644 7233
6375 9102
7758 4872
875 6828
9640 5513
12 9850
7967 7027
6655 2664
3045 7202
7945 4454
3258 5229
8725 3665
7036 2711
6270 4798
2968 4523
649 1958
6842 7028
4308 8625
3868 365
5304 3685
9960 5316
7905 8586
5086 6608
2117 609
1797 9321
6689 2157
9283 3860
1509 7986
6048 9983
1462 1759
3683 4092
6389 9334
4480 7188
1962 7338
3523 9421
5555 5957
7267 6567
3431 8054
5223 4227
2391 1197
1705 8673
9142 1649
1563 8364
3809 6209
4471 982
8041 5230
9822 9114
5392 2506
1439 7051
4192 2136
7644 513
7200 570
5215 2683
2514 7611
4223 9899
3245 7962
3524 1963
5066 7161
6073 2106
999 6798
5881 5246
3793 5233
9451 2492
6417 9607
857 538
1658 1050
5241 9464
4701 5537
1906 7558
4350 6379
4587 2652
3710 3923
2955 4856
6500 3235
6290 1930
3728 5149
4123 6375
434 8662
5357 4419
1649 1201
3212 1318
4235 3874
6971 7435
8866 5179
9871 1154
8073 6261
452 8686
2002 461
857 8312
2234 9258
2058 6425
6330 9908
9775 1332
3119 7688
6396 6372
8213 6785
7048 3452
2254 1308
134 2178
6088 6190
4867 4326
6889 1002
9886 9223
8998 5769
4871 4277
3469 9941
7656 5995
4228 5849
7701 1346
1652 9566
7497 8630
6603 5671
9645 91
3149 7108
6075 7337
6745 5473
2773 8164
9521 7494
6178 7611
8213 7356
5955 6358
7769 6934
7137 9980
6992 6730
7741 1483
756 3854
7084 5850
1035 2111
3250 9180
3445 7296
3143 6935
1936 8423
4671 7113
713 5216
8247 9757
8229 4410
5417 4741
4100 9550
9026 2915
4969 6583
1176 2621
2071 309
9048 985
2820 1258
299 49
8136 8872
5607 7679
7124 4998
9967 5419
2796 8489
1353 8363
4562 2421
9232 7130
9057 646
3544 493
3569 16
3562 3326
3276 9984
5173 4064
9360 5194
9587 644
9963 5569
5899 178
4182 2473
9554 1731
2300 1025
2343 5996
5908 2878
4596 3668
8285 5813
6048 3748
3719 4734
8310 5033
5584 3667
6903 3939
4637 5312
6603 1439
9046 2128
9692 9898
2625 5924
5027 160
7241 3809
7909 9294
9117 4253
9028 2891
296 153
7558 1426
363 4435
8442 100
9181 1033
7056 5168
6471 1982
7188 228
5905 2457
7087 6178
8181 6844
9230 724
3431 2226
4073 5008
7948 2934
5072 8833
89 9353
3596 1909
5755 2654
1878 7224
7717 727
4369 6573
2195 2046
5100 565
6396 3770
8394 2309
8529 7352
7839 9478
460 8801
9238 6603
888 2382
9867 3860
2225 5374
5298 5634
9450 1665
8376 946
170 3180
5054 9
6975 6374
7292 3106
8162 7310
7329 3444
8109 8151
9113 9407
8698 5230
8528 4229
9387 157
2808 4484
4212 8552
969 8405
5018 7445
5249 527
9975 9183
4815 818
5830 8069
6909 2957
6804 6455
1385 7962
2451 9133
3125 8541
2088 1545
4972 2041
4270 4992
8849 6049
877 1686
5182 2883
4244 1184
1108 7995
568 6096
8296 9415
1686 7876
6140 1527
6414 3745
1351 6446
4380 7436
2809 7549
4659 2126
7631 4140
4042 2436
7668 9304
8034 7836
2622 9586
6698 5669
755 7820
4253 4812
9531 6209
9532 5070
9208 600
6366 1319
3680 8788
4933 1346
603 4030
8769 8505
7935 6010
9424 1360
7807 565
8651 7737
3903 3008
1307 3885
1142 3067
4229 596
5877 6664
9867 7292
9067 898
5932 8111
4809 2993
7901 9304
9411 570
5405 8447
7125 100
3770 8876
8204 7085
8139 849
6628 9695
8103 579
8748 7110
6860 8974
6600 3196
8539 823
6872 6611
6091 6307
1970 1743
803 4626
747 302
63 1651
3666 7953
7862 4077
6568 1408
6344 8101
4810 8828
3102 7526
9669 2000
1719 1206
4578 1490
7999 9361
7673 4760
4369 1186
9650 5301
4483 788
5294 9724
2964 3497
6670 8660
3746 69
2636 4287
4474 1244
2432 654
3656 8015
1088 1716
855 8521
8375 1450
6640 1707
3593 3809
6575 9731
7312 1330
3460 347
9491 665
4189 5064
358 8309
7229 1962
4628 7180
3764 3606
9678 2444
7768 9374
8370 865
3346 535
1462 8803
4557 192
8683 6870
287 4820
5280 2659
1639 1816
3277 2928
7748 264
2406 7526
5747 9109
9240 4836
5490 4578
2767 4802
9649 4875
1330 4761
5600 5043
4105 4575
1486 5816
2613 1886
6538 4867
2885 2717
3363 6605
5228 5654
4303 7737
8383 4716
6058 941
8413 596
9080 6704
6601 156
6800 2148
8735 2982
5297 8485
1642 539
2437 8514
929 7911
6230 6175
9633 2922
573 9291
2719 5851
7880 3365
9356 9292
3265 2324
1539 2199
7414 1045
1979 4258
8136 3060
4831 4326
3228 7373
9350 9781
2593 4954
142 9010
4586 2258
4325 8845
972 6388
5350 8806
6102 9458
1148 7444
3117 9151
6410 5365
9531 3881
6225 9897
6331 4988
1126 58
6006 5986
8919 5613
9727 1790
3740 5306
8985 4531
6974 9351
3839 2534
5019 3070
9975 3383
6929 1622
9642 9782
8622 6270
7879 2654
6529 471
7897 3424
2922 1289
8305 6326
7770 7140
9538 2118
4878 1405
51 942
4687 5419
3563 7514
2887 3244
2001 6465
8035 6199
1609 7440
2831 5234
6713 1667
863 5745
1836 7275
4758 6914
2011 623
4761 23
7712 5484
7972 8479
2219 8741
9902 9192
3750 9433
7796 5447
721 925
4100 2803
9252 3496
5826 5693
5318 8174
8492 7043
8679 8688
5705 9474
1355 2303
9776 3458
9639 2108
163 5308
9628 3992
7759 8505
9055 3571
7394 8047
7741 2808
7781 2292
1901 5563
7568 5273
3571 6136
7694 1264
3976 8977
2329 7892
9376 2939
1321 2503
6413 6194
8057 4912
4790 7870
8173 9724
1518 756
7090 2160
8959 4185
3811 7026
6319 9383
6415 5835
4855 8460
6726 9626
1287 6203
9893 2176
3058 8495
3263 1088
2952 7342
9960 3919
1178 7801
2921 8885
9524 3784
9733 6047
3292 4926
6451 1866
9552 3225
82 4044
5145 2625
7131 304
1156 1700
4983 7124
8865 1035
2708 4057
2051 635
1707 5438
9274 5895
8046 819
7768 7911
7962 76
3093 6545
5288 329
6254 3955
4886 3178
4968 5657
3462 8319
8169 7807
634 5714
283 3277
2183 6740
5725 1603
7853 1202
2831 3374
6037 337
7236 3668
9889 3091
3606 6985
8295 5637
4886 3931
9533 264
3287 4049
5457 8473
8201 3192
1102 2259
8142 2436
7377 4609
9174 5778
275 1631
4955 2199
8096 2322
4060 465
4647 919
6711 571
569 3802
5305 6766
3728 9158
4436 4902
1069 5345
1254 7956
3178 9202
4888 867
1199 3377
1034 2573
973 2264
8228 5875
9708 9143
5244 6710
5604 9100
8427 3677
4928 336
4949 2153
7972 3376
7821 9210
4194 2973
9711 4223
1444 4860
6171 6089
9954 112
574 4763
2773 5698
7554 3262
7336 3667
562 9130
2145 3064
3386 9399
8801 1075
7768 4578
9475 188
1199 7577
6443 3367
4026 796
2360 9980
8386 1140
4728 7822
3953 9518
16 2136
869 5129
2057 7778
7001 5151
2951 5112
9773 3369
2548 6356
4792 2435
9283 3794
1854 1707
2961 9784
6390 8175
625 5180
6681 6885
3440 8101
1818 8385
1520 9118
9664 2885
4309 132
3690 7071
8158 9893
6268 2568
6128 2838
8544 6430
4623 3449
3587 539
5174 7718
2828 3420
7699 6547
2462 649
8468 2378
2823 1392
5637 701
329 6016
7377 8425
4132 1900
3106 8719
8254 3983
8324 9943
5843 3079
5304 3336
3529 5725
3972 9679
1520 1807
9756 3476
9999 4312
3792 5821
7762 7709
5532 3467
6402 767
7318 3645
4502 7202
6234 6939
539 5908
7314 7450
1684 5505
135 7960
5416 6544
8709 7126
8134 4251
8811 4403
3359 8197
6607 3218
1417 4427
793 2951
8310 9807
3326 2420
4210 9215
9831 8588
82 3798
9782 2852
7212 8974
6673 1774
6441 8293
2839 973
1070 3313
6806 4722
2433 9037
7629 4696
5099 2100
2117 8305
5283 5564
2110 4631
7530 7419
2648 8623
7361 5631
6074 2170
3852 4807
9832 1430
9862 1252
9306 1376
6070 6558
5727 7250
46 3736
3208 5706
9468 4495
5020 9842
8057 6407
2318 1848
8257 1881
7553 8890
1981 2457
272 5052
8118 7224
2628 4105
2548 4838
1918 3517
8757 4241
5642 6896
4639 694
4488 6523
1892 9187
1046 1205
7370 6404
3382 5168
8227 8318
6901 6824
8698 1069
8506 6248
5659 9707
4729 1302
1495 7689
7701 6354
464 5293
9400 4123
813 401
4202 8992
3197 7090
9137 242
822 4814
728 9754
8874 1793
8514 4170
228 94
7400 9853
2796 8974
9200 2808
1107 1113
8037 8165
2685 9344
7856 6459
3820 7897
7398 4858
9094 2090
3591 778
5189 3537
7027 1896
7247 3316
9806 4255
530 5241
5119 8253
3680 6505
4638 597
8161 9910
543 8170
89 9885
3351 2330
9326 3355
1673 4430
7981 5298
7624 7154
8200 1926
1869 7419
9819 8494
1760 3767
5655 3538
5813 4158
964 5161
5714 4887
6220 7923
591 2744
2241 815
4592 3380
6804 5172
1933 6449
3750 4192
5395 6362
8624 2410
1584 8176
5814 1312
9237 7613
7111 9417
2676 5939
2911 2185
4324 2768
4435 4912
7238 5021
9211 5963
6962 9866
7026 8679
1600 5273
4313 5816
4745 9619
5065 459
5314 4298
284 4818
7685 5593
8938 6299
1488 5611
4440 9828
8018 5752
5091 1842
3490 8129
5712 1209
2026 3646
1885 9453
2187 4762
8974 9058
7805 6605
9988 5765
4577 3586
9409 697
3580 5283
8378 7791
1180 6927
6861 1431
4585 5872
8397 4193
2105 9029
2576 9784
7579 541
9293 5952
7338 9398
1464 6300
7720 9586
7075 4045
2944 4168
8497 3976
4012 496
1820 379
1584 5324
2980 9744
6694 6701
7136 4327
6932 3095
4279 3298
2450 4593
7316 6325
5057 3205
9281 5679
991 8976
1398 6410
6599 591
9912 4854
7328 6875
4554 571
3501 7617
363 6500
8785 7185
5157 7444
2802 1105
5966 7961
3587 7904
7905 3272
9751 1571
832 36
9904 7616
7970 5941
1303 3815
6138 2570
5419 8827
4916 1324
8936 6316
1154 911
5981 7756
8020 7520
9552 1088
1760 7610
7740 9128
5492 8236
180 8870
2814 5652
6711 96
4531 1976
8574 7969
89 7211
7298 8847
8537 7582
7072 6354
8446 193
3408 2272
1835 9815
1613 1723
5439 4078
1909 8894
