10000
6695 281
4759 485
2818 5915
4519 2710
668 4340
777 7813
9412 8685
4771 1594
9172 9959
1569 1075
4316 8581
3858 6393
769 4318
7569 9500
9979 9297
3531 1344
1683 850
9862 9974
4874 3447
9378 9492
280 9303
5882 5326
2475 2658
3304 1495
1367 3799
9070 1068
6208 9199
8797 2761
5471 5703
3635 6949
6171 5386
9916 6622
1110 7689
3732 2455
9410 8959
7505 6479
6174 4208
1079 1647
6069 6228
8191 4157
7692 2632
9458 1105
2994 6326
2170 6281
9676 3479
651 2946
7653 5175
8512 1061
1967 7517
8130 2862
1864 1541
3431 3051
3216 6424
520 6156
9356 442
4480 3677
1882 8661
3912 7550
2478 5446
6010 9023
4818 1162
6449 2955
406 4865
985 8728
6548 8104
9586 4328
5144 5610
7713 5870
8225 6109
3820 316
2132 4821
4456 9151
6546 877
2594 2694
8925 881
3100 9163
2994 608
9794 3694
181 9463
4537 6194
1624 8281
9192 9415
4931 4562
5146 9422
3057 6687
1514 2973
4522 1165
7562 655
3782 3658
9219 2546
6771 7363
5370 1537
2475 6287
3186 1169
2592 3690
6184 2777
321 714
2280 6114
169 1157
1518 3115
1515 8627
2844 1704
6441 2815
2642 4748
3763 6499
6872 4587
1787 1443
1548 3186
3438 4683
9599 2903
2356 7090
6441 9955
4272 3957
8975 3340
7984 7032
6158 6825
4790 8416
7104 9612
8192 6897
3030 3250
5978 2358
9682 2135
3308 3946
546 5665
8073 6659
9138 8890
2183 7505
7356 1659
360 875
8422 5794
722 6841
920 2684
6567 6450
5170 9395
487 6462
199 1067
9635 2023
2974 1274
7945 1816
3808 1670
3749 7768
916 2816
7301 76
3285 5727
2203 3595
9107 4536
3067 4718
7779 8493
2099 261
4518 6453
3738 9634
6956 8518
1120 2769
922 1467
6503 3934
9760 8908
258 9927
1986 5591
8938 9184
6024 4550
4820 2065
9524 1025
6458 2445
1067 1152
2266 8226
7283 309
473 7420
2729 6211
6030 7329
7489 5606
6515 1329
5987 6664
5110 6406
2595 1217
569 1327
1777 3934
6114 6567
7732 4335
5908 3838
9101 9912
4570 8408
7187 871
8495 3829
7934 4806
7508 9726
9442 2596
4098 6345
2509 6903
6496 8145
4087 3943
7157 9386
9953 4770
8977 9287
1885 4382
5577 5399
4854 5449
2019 3290
5434 7377
7047 4768
4138 6251
6205 1323
7006 6899
7432 7664
8674 9739
7947 7481
4142 5170
2646 2945
1538 4534
323 1416
540 9267
1771 8525
3264 6451
4205 8944
7636 152
5146 4794
7936 9510
240 3428
8209 3529
789 896
9546 999
9052 4615
6542 1230
8098 118
7238 4219
16 2512
752 221
8572 752
5444 3802
5810 632
6013 527
8335 4905
2849 4585
7257 550
827 3969
4897 4326
7303 1430
8377 9004
8203 6313
4719 2480
3748 2771
4482 1193
8940 4788
4101 941
9145 2508
6805 8228
9709 4122
6047 5502
5380 3821
5409 8696
6682 367
8940 8811
9929 4450
2528 2967
5091 6189
6192 3800
2631 4990
8503 9994
5303 645
740 947
6879 7623
6346 1206
5758 2574
3906 9765
9252 492
5859 533
6675 1867
4170 2388
7813 9923
3754 364
9836 4417
186 9137
3706 5591
5481 132
7898 345
1770 7557
5797 6236
3890 8278
8298 8496
6462 8657
4933 7847
3229 2320
2665 6776
5329 1131
1636 8145
21 2698
2293 4615
3124 6017
6556 4596
1990 3226
2677 8033
8815 490
7592 4066
9983 9617
6514 4064
4024 3527
8336 5373
2169 1136
5267 7035
7546 7754
122 5565
5367 8252
9931 8284
5692 4589
9550 6079
5772 1598
3403 4219
9321 5222
5705 2023
6078 9700
4865 1550
2143 7749
7738 1375
1449 7886
7869 475
4136 523
7552 7003
6430 4643
7837 9978
4579 870
1361 5737
5725 5906
9020 3676
6043 5470
1610 2657
566 8034
6405 1893
3015 8231
4156 2238
1413 6159
9214 1210
8353 8466
8381 8775
6222 3054
5546 6169
1658 1433
6281 8827
2344 3958
7611 8190
1140 6623
5588 9646
6633 5874
5280 4744
2873 6156
7690 5798
942 7569
9221 6853
8830 4738
3452 9871
9663 2747
517 8438
3569 8315
5616 5035
5109 3766
1156 5987
9072 5623
7584 8851
8646 7626
6341 1449
4086 6047
8357 264
8929 3184
7882 5201
9085 8704
6796 2979
2431 7542
6506 4952
2653 3431
2414 8546
4252 3251
7294 2761
8983 6301
2379 2854
3161 1986
9295 5358
3267 5002
6928 896
6679 6270
620 2591
7616 4547
7756 5599
2921 3186
6424 1748
7071 635
8796 7955
6292 8008
6946 4471
6522 370
8167 7686
6000 7603
7399 3630
9673 7763
731 7226
6026 4868
825 8802
6802 6697
3363 164
1326 496
5951 2572
9306 5972
2722 7239
9697 1210
3380 7197
2608 8837
1153 9767
3063 3598
4492 9871
4869 7898
1446 5052
5704 5360
256 8013
4601 4807
2410 6822
3109 674
9502 4677
8183 5893
3249 1772
2249 6632
187 8308
5245 9066
6818 5511
2758 3826
5742 9490
2530 1110
1618 7668
2271 8553
4707 5098
370 4472
4190 1982
3936 9541
3667 5258
6707 8964
3487 4074
2535 1501
1562 8653
942 9748
9932 8932
4566 9332
7651 726
6927 5019
3264 3351
1234 7883
4980 5093
5032 6625
8411 7495
8465 6681
7615 5400
4314 2308
198 7840
4688 9075
4043 929
3976 8414
4266 3602
2059 9831
172 1353
7505 2833
4474 844
5559 306
8139 1543
2623 2998
8866 7366
2066 5547
7103 8822
1363 4929
6743 8596
278 8067
6207 595
8434 8861
1823 9453
5612 9785
6889 5730
2387 3659
1058 7496
7339 3157
2466 2782
5025 3654
4257 9758
7567 7307
8728 8002
9626 5539
9030 3684
2744 5777
4222 732
4604 37
7495 190
2580 5074
8822 1820
8069 9462
1038 4591
8851 4439
4286 408
8561 1926
9186 8627
9204 6440
3985 4986
1417 9021
7062 9786
5767 7927
3069 1577
3394 6071
1583 8820
2845 9481
2325 356
1332 8768
4978 5586
2634 9286
3540 2994
875 6350
7196 7213
2765 6622
9891 8194
9619 8589
622 9009
3189 6553
6010 1555
2640 308
5295 1157
4693 3354
6705 8142
9632 1690
7620 2034
9969 3758
1032 3930
6268 488
7614 2668
1247 621
1580 2726
8210 4109
9481 3900
3236 8045
4109 5907
6857 4904
2636 518
2269 7334
8506 5638
863 7122
3788 6864
1362 1081
2165 5913
9258 4441
6306 5186
9900 7739
7802 4688
4420 8405
9722 4057
6689 9404
69 9464
5159 5427
3914 6557
5262 1197
7528 7129
6932 5976
6388 6587
7182 1365
7656 4050
8338 5638
6710 9132
207 2877
4084 5385
1368 832
4147 9596
4596 1862
8010 6032
2645 56
6042 2556
9857 1553
6562 3983
4385 4315
8024 9107
3991 9228
5213 2129
6887 9478
2840 2392
8230 6083
2469 2701
7856 4215
145 7736
9811 2919
6285 6358
9038 4395
2738 5597
707 7382
7692 9932
3218 3198
5912 2892
9137 2516
9030 7654
463 4886
7249 5315
1243 2769
870 3807
3741 317
9733 4041
8997 2220
7089 3492
6645 7535
8098 1186
3421 1582
641 5521
4553 8385
863 7642
7155 1032
8508 3246
3780 8237
5039 6225
3410 3309
7329 683
6176 4662
1346 7157
8275 1576
8870 4100
8602 8501
9153 9899
8800 8554
3215 7432
4974 8272
1262 8669
6474 1204
3416 377
2080 5164
3343 2284
7052 7155
784 9054
7091 950
9329 9421
6896 5911
2374 4667
4089 2695
6901 3652
2317 2931
7361 4629
7152 7099
1476 244
7052 9783
6498 6630
1086 1318
1667 1536
9982 6180
7326 4805
7948 6390
1327 7860
4636 2663
7261 7498
7479 5124
155 5911
6222 2738
1232 2652
7146 4079
6569 6797
4643 6426
2818 4912
4809 4158
3067 493
9781 3951
7188 6308
4558 9684
9454 9047
6389 7466
2324 1302
6291 1456
5249 5685
5044 8471
5344 4822
2079 9340
973 5713
1331 2533
9535 1116
739 1395
9810 1947
3854 1085
1802 7135
7241 5776
572 5811
2815 5403
1098 9403
3869 1002
5362 7941
8494 8320
5262 6680
1930 1332
1526 5193
6246 9465
4301 3321
6980 4921
4843 8131
3301 5450
8842 8839
9891 6757
1596 9964
2760 8358
6030 6668
4730 1559
5581 5192
2920 2341
6413 3927
4773 235
1873 9045
747 9392
2081 5490
1271 3681
2130 3287
4854 5445
3586 7682
7610 4581
9325 3117
9523 8835
6842 7281
8236 8033
2244 677
2626 4201
1464 5360
5927 6497
7377 6646
1801 2570
3124 9540
4107 8477
7998 5099
688 4133
7603 159
3506 535
9822 6544
9515 37
281 4378
3258 5908
4060 8763
3176 9852
9093 995
2873 5430
8759 1479
8295 4584
8137 3083
3689 9506
3991 5868
8867 9865
1899 2593
4494 9790
7496 5321
2193 7920
3784 6664
9222 9643
5339 7835
1358 8542
8798 351
6580 1809
8986 4534
1550 8768
1430 4195
8713 8347
5521 3841
1135 6804
7908 5025
5371 5063
4422 9192
226 419
9997 9079
3123 3908
9765 9112
9983 7505
5553 4671
1764 7483
3551 2538
1403 986
4996 8573
8759 5238
7934 1646
9994 8085
9310 5325
7887 7864
9164 2126
9177 7025
7501 4282
7954 9857
322 2791
972 3260
6805 9814
8396 2855
535 4463
4014 4684
871 5511
4942 1429
4812 7776
6631 5896
8891 1911
5972 6751
4938 6394
8299 5228
3363 7834
7799 4140
5973 2579
2092 4902
2 4367
4666 6322
5389 99
1165 8944
6916 1929
1107 4117
8699 2906
5671 9685
5743 5720
724 4914
1997 1846
4683 2583
8210 7995
5238 3186
2922 5907
8754 8289
8460 7918
5957 2305
4135 4094
7260 2174
9916 3578
9734 9038
4880 1795
7980 2241
6721 8339
2052 9003
9439 8895
7047 2239
3460 8528
5512 7266
6452 1438
6335 8
4457 7657
3129 6125
3624 4746
5144 734
5736 9914
3866 610
6982 1499
3295 4234
4805 8573
1947 6393
3931 2063
6808 6386
3537 324
5535 7478
7187 473
488 1888
7299 4534
7512 8245
5228 2037
2849 238
3795 1104
4183 998
7399 1897
9793 7826
4025 2229
9998 2994
1759 5589
468 2477
4561 9160
8333 3605
3327 6404
8137 2584
1450 377
1984 9266
5257 6380
9108 6103
717 1121
8483 5537
813 3120
9173 1842
8231 8348
5717 2074
2673 532
2582 2443
2439 3043
1361 41
3401 9011
1197 742
936 4564
788 4301
2703 7302
7087 1536
7539 7077
5699 4094
5476 2716
6876 6815
892 2653
203 8479
5007 7770
4482 9078
4153 7828
7916 4265
3522 2721
8630 6493
8133 9815
1273 6320
1486 1898
7350 2899
681 3390
8195 9853
6471 757
9043 8830
2126 6494
853 2529
2012 6529
6846 100
8656 5462
1891 1618
611 5572
4256 4297
4633 1456
8643 309
71 2369
4507 3495
9645 6470
6497 9112
9202 6345
1500 6278
9856 5328
7573 9155
2601 8689
5167 3655
2827 2477
5063 4936
4757 4285
1582 4843
4218 990
2569 2646
1033 9316
7536 9840
2839 8868
6785 6265
3305 6127
4811 2481
8312 315
7924 9948
5229 7162
987 4586
381 4753
4578 4663
9873 6757
1205 837
1524 9258
2730 5474
9314 5339
2632 7833
2263 5232
7865 3015
3625 1673
2136 9593
4374 2959
6832 7297
5949 3373
9495 1920
2789 8657
7168 4980
3807 6487
7738 6780
2890 4207
1317 2527
8091 1954
6812 2714
7094 9585
1134 1678
7546 9026
7363 5041
8342 8388
7663 5976
4865 7861
8476 377
787 5181
8313 1169
8162 2342
6817 5800
3763 7845
7656 6530
1001 179
1805 7920
1758 9555
6246 7568
2819 670
8930 1972
7977 6847
4275 8139
6721 7893
6299 7797
698 9489
379 5760
1023 263
597 8983
5723 4335
2554 8545
9986 6659
380 4307
5645 8308
3057 8216
8261 366
1198 9590
1778 2620
3285 4436
1120 9893
6709 6917
5758 6626
2963 797
2278 1305
3348 3842
6434 2772
3407 454
7099 7138
8941 8455
7243 5724
1803 4966
554 837
5931 4356
3179 5470
496 1001
7804 4087
4671 4854
8536 5940
1897 4992
5803 6291
1264 7089
9877 5112
1508 5729
2198 8437
1807 3810
2186 98
4524 9263
6850 4167
6355 5231
7965 7296
7378 9066
1837 6027
969 2119
8999 2521
804 4530
5623 1643
4221 1314
3162 6741
470 6293
1219 5480
1875 9299
7800 9378
6239 8971
5731 8415
7089 3363
2981 150
741 9719
9349 65
8471 1320
1795 3848
2812 2374
7061 6424
1485 4249
2069 8703
216 9264
1296 9652
8948 9720
8885 9785
618 5430
1125 8746
3351 4898
4389 8612
6260 5450
1294 9625
2919 8735
5700 3648
5393 4287
4242 2405
8393 7450
9077 5636
8954 466
9877 1451
5551 6678
4964 1507
3510 7519
3922 2858
7063 3605
994 7428
2893 4636
2784 5271
2563 1996
4244 8096
9022 1465
4951 995
5564 1939
2303 5999
6063 1909
1961 9586
5681 4012
3362 3519
1925 1206
9666 7504
8624 1158
9277 4545
9847 7693
2850 3823
3761 2574
8426 587
3189 447
7091 1398
6329 6774
9597 2236
192 3330
9290 1319
1607 7947
2584 9606
8078 2123
4041 9666
8074 258
1466 9779
7000 7674
121 482
5154 5083
4118 9955
8715 6953
1354 2428
4554 5455
5445 1316
5120 3272
1024 1111
3186 2365
3950 1034
3052 8091
1045 2904
1525 2028
5916 4031
4848 8787
4159 5412
190 2409
2081 7778
3863 8120
1530 8544
5950 29
6725 650
6430 1318
895 8251
4969 6479
9047 5366
3176 9234
1285 2839
999 5835
1959 9538
1940 3398
3512 1338
9718 7511
8646 5361
2010 2008
5888 259
9621 3242
8443 3819
4404 5839
8046 4661
800 748
8952 1657
7148 9840
9350 9963
2986 2614
4869 7301
3732 3434
1182 3238
1177 4690
9366 1715
8122 5819
5647 2478
9984 7218
8560 4535
4019 1642
8348 2530
2646 666
7737 9680
1058 1422
5558 1423
1498 1646
3948 208
8365 940
5892 1499
4991 4399
4126 4268
3805 9495
4146 8051
9768 3520
8796 8465
8034 3517
5346 2052
3868 7717
6269 5537
334 6029
5907 8475
2408 1517
7990 3305
1599 4664
7277 7061
3189 8889
2377 1975
3033 5588
8253 8244
728 9620
7412 6101
6945 3413
1890 715
5854 383
3011 8923
3462 3354
8264 2199
9192 8408
7440 5925
5844 6660
2097 8097
3474 7046
8144 7907
547 3468
9790 3352
2909 2959
3662 4426
8476 5368
7490 9695
1281 6296
6831 1489
1071 249
4658 3161
5042 9174
7057 1252
7809 4259
224 2099
8057 5160
4194 2170
2184 1173
2429 9037
2753 8877
3677 6752
9750 3807
8314 8086
560 3361
6762 3078
5285 6064
1252 558
7054 4118
6327 8799
2496 3055
3740 6856
4420 1626
3600 2647
8673 5017
5124 6339
4459 1416
3500 4752
8571 7061
9959 9497
7429 4949
842 9452
1620 1708
4294 1666
8172 1382
8927 9303
4962 2319
5696 7585
8940 951
8702 832
9685 9
2723 1076
5635 8121
2468 9602
8338 7475
1949 6255
7134 222
7752 1213
1291 4099
8676 997
375 7127
6008 572
7428 6024
3933 123
9836 617
3676 7411
3196 9987
1761 6140
3250 2976
7265 9569
4316 2504
3918 9006
573 8816
8050 3224
4133 5611
6587 883
9000 6440
9579 5888
7060 109
7045 5843
9462 1885
7713 5468
2754 9888
2458 5524
3130 3950
8110 5680
2787 725
4461 5502
9632 5276
3564 6098
6602 5676
9854 5244
9510 9144
2097 3113
1196 3117
4756 9070
2231 6339
3126 2177
8989 5525
728 618
4992 1473
3110 6856
773 9355
4187 3628
9019 8490
1569 9170
3886 3315
5713 8615
5598 4359
1104 4002
9775 3474
6987 8016
716 3399
1247 9476
6286 3895
5541 8534
5544 7984
939 737
3511 8646
2657 8314
3359 646
2661 1761
3850 3123
6355 902
105 4364
4566 9692
2045 565
9392 5391
7041 3191
6420 4224
246 4242
3978 5105
4832 1672
7461 8422
8676 5392
5583 9733
9630 8214
605 814
5949 2759
8978 1109
2414 2567
5445 75
8170 6073
4913 3493
5377 9751
8223 8779
908 8460
7570 7548
8506 6448
6085 8446
9274 9632
4444 9116
9736 7854
6278 6691
2209 551
911 2049
1391 4696
69 1920
6057 8758
5341 2688
8573 517
8171 828
5505 3276
8849 842
7663 8125
6606 5293
7633 7833
6223 4484
3579 3831
4396 7776
7265 6622
6127 989
5018 4729
1039 3799
7152 5483
1993 3234
7947 6733
6193 6544
8395 9755
6206 2879
9873 8566
160 2404
5224 914
9716 4668
3804 2590
4960 5010
9394 244
984 1553
5306 4221
5278 7187
6282 9459
6899 7486
7574 3902
7188 9621
9275 499
3046 2358
8835 6705
6206 3011
559 8062
2474 8898
8744 6218
6859 3050
7474 154
2591 4952
5288 2588
5211 4555
7617 6011
6078 1283
9933 317
4549 7657
3324 2839
3814 8831
4687 2595
337 3482
8095 4015
9228 9952
9235 9794
8768 2953
8531 5161
7505 1940
6918 8756
4849 7314
2664 7287
7861 2882
542 6880
4797 8503
4818 182
9334 666
682 900
8252 6884
6625 1050
5347 1311
5124 7309
985 2098
9660 9315
2256 6361
6660 8725
658 1210
6538 8528
208 1619
9039 920
9349 2161
8284 8885
6993 5969
4022 7650
794 1323
6317 9648
3331 3096
4039 6611
682 815
5821 8520
640 4171
5785 6547
3279 9786
6853 3766
7382 2245
6127 9475
454 8101
3770 4662
246 2480
6450 7955
7940 3856
1570 8367
3830 9601
2515 6647
5430 4982
5747 2162
1062 7677
1059 2113
7141 7926
623 6205
2850 5060
9313 4853
7060 1623
2887 8756
9104 5517
178 1149
8547 7048
5117 5956
7157 4512
2056 7034
1225 9683
7707 3001
7606 5131
5026 9425
3623 8714
7023 6895
5743 5591
7368 51
8537 3705
1254 8164
3774 4041
9019 6360
2901 1977
7381 4594
9395 5624
6385 8119
6845 8197
9218 9417
5907 1821
7456 9480
4740 7779
8320 9640
3649 3812
2123 2900
2576 6903
2861 2212
3502 4110
3461 8360
6533 4863
8870 7382
6706 5492
2783 1927
9683 8269
730 7148
6258 8202
6338 2466
4520 375
5553 3528
1355 3976
8090 4772
5507 3729
2606 1152
5725 5377
8183 6610
7940 1464
7464 5702
8577 6583
3809 3290
5457 79
3198 3489
1008 1667
1091 3468
1621 8706
3759 7109
4806 6079
6500 7950
4613 9076
7932 2014
8668 7253
4218 8680
6332 1449
7729 6236
9260 6520
9243 1210
4937 7960
7515 5675
6627 1461
9423 2688
6972 4604
134 132
6822 4479
50 5016
5584 5919
986 23
9119 6381
9548 9461
681 4604
7247 2774
8752 1897
2701 5989
1218 8461
5613 8209
9246 686
4760 6765
1456 8429
530 1054
4297 2116
9443 8017
8186 4639
6345 1641
1689 3612
8626 6081
9034 2887
5864 159
8843 3883
5095 3058
732 4709
3317 9004
9701 7984
3473 7670
9170 5608
9972 1289
7685 2433
6449 1573
6551 3780
7412 4255
7973 87
2054 8203
457 381
6610 400
1311 5552
6602 9261
2072 1841
8953 2696
7281 2381
4823 1787
9474 7386
9129 3518
4623 8629
3058 6792
7010 2536
9097 1614
4307 3245
8277 6159
5878 8409
8646 8094
347 7366
1918 289
6263 2828
2878 4823
680 1152
4129 737
6232 7048
875 2724
2156 562
6051 4032
3870 7060
4208 3850
3533 5198
7463 9042
7869 3943
6073 6440
2051 3623
8480 1829
2297 5135
80 9815
5847 6556
6605 8476
9590 3113
3080 3304
6699 6717
824 2969
5258 1558
2342 3387
8126 7388
5857 9974
2421 2134
8912 3065
3363 8893
8126 8252
2394 2207
7954 3095
8865 8959
62 9353
2332 252
3655 370
4689 2762
5893 547
8844 5561
1208 5468
7113 3479
623 1483
1238 4348
1815 3102
687 1074
2577 9245
76 2111
6829 1895
5542 922
7427 3330
3567 389
2979 4679
253 8948
2114 6366
9841 8970
4121 8304
5267 5164
7002 8705
3867 4844
2146 5000
7802 2557
9839 2261
5245 2739
7335 6254
2807 5395
2099 6040
984 2634
4278 8427
1969 5755
5960 9207
8483 3081
9837 4794
7431 3412
526 3117
5329 3204
5627 995
9461 4552
4426 2391
3446 4035
6007 4017
5833 4985
4602 7492
6267 3224
1929 6837
1597 2335
1059 2557
704 1497
1475 830
2635 3077
6349 8517
5454 9555
2682 847
8839 2616
2893 1268
1101 9574
3354 2592
4876 4962
3999 7491
230 635
7606 7238
4413 5876
1458 2594
1345 5813
2524 3948
717 3927
3408 4924
8975 7784
6177 4074
639 3994
9830 4608
9876 2799
5431 3794
7031 2133
1281 7387
9584 9373
4184 5311
712 7066
6283 9887
6279 2843
9138 810
8604 3619
9425 106
7492 3475
6578 5441
417 9609
7939 5889
4069 9907
9849 8714
2868 8922
1894 7173
4330 5180
1524 1509
6576 8959
72 6325
5081 3068
7367 276
767 1829
9457 3390
9295 5980
9587 2816
9151 3026
4184 3514
8029 9794
1663 9845
767 6087
3659 3742
9218 5316
5685 7794
1512 721
24 560
4279 6935
8868 2690
6437 3562
6841 6832
2216 7659
7876 2622
8933 9868
2226 3735
6937 967
1745 2001
1941 8962
9234 6641
6367 7836
1382 8036
8654 1477
1738 5280
1261 6852
607 2138
9252 9018
1702 756
5298 1907
6151 5163
9545 7023
6569 1808
3146 8933
6498 6333
2901 1318
2105 5852
9213 5331
1166 8475
4210 4719
2741 3691
5232 3930
7174 9181
7697 3722
1644 3807
2065 8709
4084 3267
1341 1756
2442 268
1742 4538
1910 3039
3794 3052
2762 7784
3094 4471
2514 106
8007 9681
8594 1531
6932 4997
3577 4979
6402 1125
6759 640
1398 6297
4805 1144
2058 1751
7261 1767
8817 1394
9317 3518
6279 8621
138 6493
8163 3872
8462 7055
172 7694
8974 8375
6344 6397
1285 466
6993 9061
6471 4534
6901 4784
5885 1426
8671 810
8530 4240
7856 6500
6023 5406
4906 3717
7481 564
2688 981
9326 6634
4929 933
5515 3214
3353 9909
3167 9428
2499 2907
6035 7328
7062 6319
1131 1538
8918 6690
9714 9857
9769 5347
6629 4873
8676 4996
9012 4818
2470 5285
4186 4592
3921 9642
4004 4872
594 7814
1164 2941
1287 6146
1196 9494
9772 3815
843 2047
7374 8911
3982 3141
4066 7360
2683 931
2861 3686
2968 3361
7946 3261
7871 7377
6059 5473
3399 4771
1270 9880
5108 4413
2491 4783
9054 4707
8017 941
4390 5417
7598 6607
4660 8538
240 9772
2644 6922
8884 2252
9863 7545
5344 3324
4321 9950
954 1419
7118 1492
5689 976
564 1635
3081 8878
195 4085
3364 1897
5420 661
8007 5338
6197 1092
75 9596
6571 8913
5123 9862
8883 3556
8906 5547
8112 5846
8915 618
2324 1179
4101 5307
5664 9339
2523 1301
1214 7405
6723 7701
3335 5101
1224 7548
398 3912
2964 7478
5382 1100
9160 2689
5190 2662
661 7323
1414 7506
584 8437
1070 4532
4409 1259
2760 1613
8351 542
4528 5551
7570 8938
2566 2790
8844 8064
7008 4060
6105 2797
9700 7072
9354 4024
1660 1312
3620 3366
5602 8936
6183 2157
3926 5580
8117 5130
5999 5244
2447 7881
7202 1227
5561 9916
606 6593
2415 9524
9769 4261
5696 5962
6318 6462
5098 9237
5111 3997
4249 1968
7190 3233
1275 1965
4474 7152
9042 1476
2497 3298
2752 7525
4089 1645
8299 6807
5718 1728
6790 3807
3763 2056
3775 4412
9602 9786
6880 1326
806 4227
4918 8408
6365 3709
4372 2348
5346 5641
9873 8735
8852 6354
4790 6175
5028 5252
3968 3557
6867 2755
669 2121
866 7100
1041 5419
7128 8086
1953 1685
2697 2950
2198 5873
3523 9439
7442 5297
9645 1417
5563 9283
8424 2765
1319 6298
6459 7208
4453 5052
5740 2799
2444 4934
7322 8900
8259 1763
1349 3088
5759 6410
3454 8563
3916 1500
910 1842
7734 3380
1073 9880
7337 2726
6775 147
8789 5529
5396 4340
3314 9879
9096 8696
7539 5522
1401 738
6513 5395
2251 5239
6756 4993
8146 6319
6195 7817
855 5050
4021 7375
5296 7112
7533 9178
2283 5261
7102 2848
8508 5985
4145 8949
7514 7453
5280 9699
8213 6169
6513 9755
2027 7794
1724 6816
8186 4147
7656 4895
1445 2410
939 6932
605 4875
3597 2543
2144 3693
3965 4958
7639 6189
6018 2223
9456 2204
8846 8028
2542 3695
4700 8580
6295 3012
1649 7475
6043 2526
8355 5170
9915 1902
9374 9402
1034 2706
9879 4950
2607 1355
1134 724
5030 9143
4105 4343
4960 4907
5752 3733
4770 1012
9755 9271
376 4216
279 3884
8346 2834
8694 3790
833 3884
5270 1278
7193 5496
7495 2823
8417 8084
6079 9242
8427 8855
9713 9702
9070 4924
3877 4179
9446 806
5931 6033
1540 3017
9375 3432
5526 9328
8909 6901
767 3328
4835 5077
167 5803
898 2249
4499 2616
3184 2213
4993 6651
5812 3353
7505 295
9069 9084
8153 9242
5345 4277
4401 1453
4699 1044
3046 9801
292 573
2529 8952
3525 3202
3564 3171
7532 3859
1777 9089
4449 4683
4014 3740
21 5086
6352 6455
1779 8158
5454 2735
853 8502
3069 4421
532 831
5100 5240
8029 8415
2801 4527
7629 8016
9547 3477
4253 5694
7759 4215
6095 5999
533 357
2160 4998
1543 6447
6155 772
6573 3463
9758 5511
102 2598
8805 9657
2869 7349
5942 8682
1467 7639
731 3543
2141 8927
7704 114
2059 2077
2495 934
3818 6862
7099 9280
492 4825
1501 5338
6982 619
9851 8099
2601 3470
3412 1267
7428 5144
3021 6107
1184 8938
6855 8015
2395 334
8327 2961
4927 4196
7539 4378
8843 3856
2541 989
9192 123
8960 8614
747 2893
725 2757
908 9525
5501 6364
5146 5084
2288 6291
9765 9941
5496 2620
1599 3273
8592 4696
6022 7402
7128 4987
2351 7911
3307 6841
9421 4594
6502 7868
4381 7777
8980 8332
5695 9940
4662 1359
6014 2416
1999 8744
1192 5692
2087 3389
2298 7709
9381 3072
9615 6331
1660 1160
4656 585
9495 6783
3535 7575
6898 6718
2697 4122
8937 9358
9204 3158
1053 7552
9619 2325
1545 9564
822 816
4481 9968
3115 283
35 4896
2244 9459
277 1762
7636 9070
1445 3061
2929 6814
9698 2667
5401 2968
2532 285
7353 8089
5410 3777
9486 741
168 891
1166 4334
6105 7832
6655 9232
17 6670
2572 9855
102 1794
5673 5174
1408 7927
1063 7184
7117 7926
5091 5356
9264 573
8704 458
1097 6701
469 7904
3404 4937
9585 799
7231 3915
3444 7335
1964 7875
2121 6573
4672 4943
805 8627
4378 9100
8067 2936
6346 402
4160 3848
6987 2515
9584 6420
1636 2714
4591 9890
694 6975
973 4304
5224 3908
7291 7841
6595 8526
9396 8449
2875 7367
9669 9014
8607 4390
2640 1614
6986 8176
5097 6163
8933 9836
7086 7838
3429 3178
5020 1645
9586 3800
8495 6506
7892 5777
3224 9407
3852 9764
2765 7862
2262 4633
3755 5657
6021 4505
842 5093
1936 4701
7032 4127
1081 8826
9464 359
3419 8921
8601 4881
3493 3571
3483 6071
3055 1178
9953 4753
9671 4388
5584 7839
9065 8641
3949 1508
5637 6007
2012 8730
8711 385
1838 6069
8775 4725
5508 6070
6681 7055
144 1939
95 9318
4770 8704
8393 3707
67 1065
4982 4887
5665 33
1708 6569
4051 9200
4469 9358
1546 1631
1918 587
1820 463
5396 4854
3291 1617
4325 7081
3631 2394
6398 4908
3828 2633
5571 5366
5899 688
788 6406
1048 4873
7859 6280
6675 4680
6187 2448
3289 5695
3009 6744
6295 2
8803 7134
496 2489
4767 9639
9785 2569
916 7802
8998 3142
621 3832
7225 5777
403 929
1039 3089
9704 2368
2573 5592
5406 3552
5667 4707
7951 3177
6663 6071
481 4325
4717 6295
7822 4478
3535 3224
6927 5622
9271 2767
1201 4982
7298 5268
8609 6900
2049 2550
4122 6541
5346 237
9837 2173
8249 7159
7943 3164
8742 8103
5484 3857
9807 4876
6617 644
4580 9415
4101 5496
703 7836
3610 9479
6820 1044
6554 2157
3535 3731
4662 2901
5034 3631
7238 8512
8823 1110
7889 6092
8344 4529
9088 2903
3708 6474
5210 3505
4703 3351
5023 1614
9641 7072
8754 4202
6845 4761
1977 2663
5219 6406
2793 9592
7532 9413
5362 6113
4432 8022
256 2975
1742 4456
7513 1258
6604 364
1986 9857
8293 1431
7642 1051
1203 2180
365 2325
5992 8590
1966 8288
3617 6358
7500 2063
5692 9213
4302 6865
8754 8054
4782 6082
7429 2744
1922 4285
7500 3915
2553 6694
8636 4781
703 1615
3585 2470
801 4548
2632 8721
8477 7550
5797 8487
5898 525
6867 8640
8321 1594
125 3196
3085 2713
138 1863
3868 6373
5956 3858
2504 2507
7751 4591
3851 6450
8918 9206
5633 3363
8214 8271
7610 2099
9818 8095
6600 9600
1239 6485
2861 8472
266 5405
9880 6104
991 6294
7554 756
9525 3374
9735 6299
7847 9034
7003 5862
5176 783
5792 4863
4495 3252
7610 975
8191 8567
1892 4311
9661 9704
4839 7125
8501 9680
5383 6612
795 1752
6321 2992
6111 7648
7434 1700
1145 9543
364 9325
6578 8245
359 4066
2250 5564
7896 6236
4584 771
9077 8640
3312 1364
6436 5381
5452 3676
7780 7127
2268 8492
5789 8284
3226 5272
3197 8935
4503 1245
8495 8625
7288 1256
323 7529
3053 5865
574 7060
4760 3659
4271 9708
6600 4902
3487 5072
9238 2165
2893 6527
8947 7294
2081 1432
4665 4086
5717 8912
2783 8277
2618 8194
345 9468
4578 6014
1680 358
3508 4341
2649 5486
1144 9737
6500 7705
8327 8054
143 2800
8650 831
3493 1924
627 3349
2647 668
4563 7341
1618 1327
6707 5907
6093 5621
8304 6263
7688 5000
7921 997
8906 9871
7812 2884
2224 3949
2127 3985
876 8681
4836 7683
5578 765
4399 940
5898 5640
9726 4102
6846 8568
447 6342
4766 4145
6506 1841
8164 3788
4285 1221
9383 4644
1643 2676
8164 2655
6161 8060
7994 1760
5704 4589
37 8254
5910 954
9277 9660
7615 5883
6550 1167
9783 8747
1854 7797
1909 3368
1154 4112
9424 281
9091 6835
6533 4996
5007 3226
3842 5916
3276 1145
1499 3156
4207 6572
9790 2379
760 3510
2912 1245
8686 8518
9249 7520
3426 4826
5406 5941
4796 7675
1856 8401
954 4453
6874 3306
7070 6130
2720 7351
754 9683
7399 780
7382 8009
5443 8420
9256 421
7303 1865
9072 4130
49 2428
7316 6714
7717 7370
6336 3595
2652 1727
8396 597
8009 6936
4464 9862
4926 7381
7900 5622
3059 4363
623 6036
2322 6946
4698 1028
9490 8343
7287 1588
107 6511
1793 7328
9732 9193
803 7054
1639 9283
5161 5667
2056 6917
8951 854
1524 4677
6451 6100
5275 3385
3279 6017
9897 134
5346 4274
3343 1817
2738 7334
9803 2736
2039 64
3404 2952
8436 2959
5209 5021
7342 4984
7443 9950
1007 4460
1485 9280
4178 2621
6012 9849
5022 4855
5941 8167
9042 1823
6121 7518
4107 2890
2999 1515
1512 24
2490 9846
2785 6862
5956 8177
8975 6174
7212 3494
578 3114
402 3018
6331 6903
1030 1371
7806 6343
202 7820
6913 6402
6397 6525
1445 2462
2915 7925
7707 7331
9477 9661
9829 4975
9007 913
5066 2365
7526 5340
2837 7047
1399 4317
6890 3718
2016 3202
823 2716
5456 8951
8732 4251
352 8457
2737 9174
5621 3335
3259 5206
9017 9212
4642 512
7333 2380
1659 4627
9762 8667
5140 7589
6623 7889
8292 4706
552 5951
8984 4001
3005 8261
3639 5471
3042 6389
5094 1602
7684 7993
4305 9139
9128 6372
4771 6182
4710 4165
722 3220
6158 9541
846 1394
3622 1554
3786 1233
3430 4273
7824 2992
7100 5996
1111 2947
3498 8128
5376 571
1227 3997
5633 5530
9965 1592
9863 268
6703 9175
598 3461
3998 8276
8915 764
5844 5535
2970 4844
3098 2639
4542 8000
6888 6088
4645 449
2842 1215
7856 735
3542 2985
3837 1142
4882 4677
9357 4946
3178 8322
365 3109
9005 3485
7544 7351
7228 5851
1713 9331
2626 2707
4303 5455
366 314
8090 6081
5097 1998
3302 9588
6276 574
1249 3948
2877 6378
1216 6747
9667 5951
265 9117
1446 5564
4449 3935
7661 1223
425 6169
2104 238
2404 6763
514 9372
969 2180
294 7899
3242 5827
9918 2241
7803 7838
3033 3300
6086 905
7750 460
3936 9206
5155 1427
4811 9256
8453 9919
8145 2060
5765 6341
180 4439
413 1996
6649 6952
3858 7727
3087 3251
1424 8597
1318 4871
7090 9801
835 4900
2555 3065
4037 3677
3450 8138
8485 2305
4670 1607
6550 9820
5396 9319
1336 704
5291 1443
6656 314
2705 8468
3255 6073
3355 984
7794 9209
6778 8275
1849 7983
7706 1999
6343 3842
2019 5617
6736 3414
7607 2196
7050 9009
1822 8868
3484 1775
2071 4646
2534 3561
1391 2879
2832 960
209 644
1719 9880
1434 1276
1754 8248
7332 6139
8130 6256
8556 1638
1283 1222
2104 4580
1185 4928
7714 9985
756 3116
1692 7062
1144 6656
413 3166
452 8793
6809 9874
6619 7084
5717 8462
2894 9291
5899 3474
70 2469
6082 4493
5751 4243
3324 8331
3073 844
1057 3259
6033 6231
940 3414
431 6825
2226 184
5530 4847
7451 4777
3722 7275
529 5576
3704 1287
6505 9581
8710 9449
3703 9240
9926 498
1549 9674
9621 4593
9760 6721
8973 7150
3543 4711
677 8100
2235 6416
6742 3443
8249 5262
9477 3683
2264 5543
9831 9299
7801 4935
6241 4254
3191 4312
8446 6130
2809 3725
2673 6788
7850 186
9630 8898
2529 327
9039 258
8579 9384
9444 8446
2306 8780
4942 8120
4678 6554
7935 8221
888 5077
7859 3378
9761 3739
7841 1472
6745 6300
8022 9850
1719 2240
3332 2159
4222 7900
1081 8682
8837 556
583 4765
671 9512
8287 4789
2435 7639
9271 2856
7648 1189
8545 4001
7532 4950
1548 4372
5101 2834
145 1587
2933 6567
6780 5549
8354 9484
3244 5722
9273 1329
829 9883
2845 7174
6445 6473
8539 5857
5840 1052
1804 2786
3659 1920
4378 4925
5017 5348
1774 7444
5385 7478
7786 671
7083 1707
2761 8807
3621 4640
8926 2175
3224 2209
3855 6701
2722 9774
7250 5890
65 9560
3261 7883
7585 9451
4195 3572
678 9683
2484 1589
7063 5788
5881 775
4087 4647
2582 9132
6577 8997
840 5699
5784 2341
7743 4458
1951 2983
8505 9309
8565 6207
1967 8822
54 337
7367 3994
5981 7216
887 7123
985 3658
3925 7473
4442 3588
6734 6611
8128 1397
4949 9079
4809 2956
9213 4880
4391 4326
558 9321
8605 355
7433 7014
6172 3229
5957 1453
3608 2526
7244 5182
2132 4278
4530 4794
9150 5990
3433 5853
4447 4307
8766 2861
3871 1466
8085 4338
2672 8496
1079 4287
4151 3827
3175 1400
9092 8338
5368 9376
1225 5180
7323 9071
2327 6578
7451 3937
1488 5150
220 3321
7427 4865
410 7147
6839 4162
5175 8555
7202 1556
1840 8969
844 8378
5330 3582
3236 1099
9060 7811
2440 4071
5672 5627
848 6661
6813 1532
3360 1284
3117 9887
155 3050
2759 1803
3232 5207
3868 1918
1890 5961
2877 6837
3192 7549
5688 7149
4754 4234
8750 3328
3413 2799
7011 7082
9458 6415
7250 5348
6289 6027
8889 3413
7165 7957
4428 2631
1211 4456
3734 6269
2119 4778
3405 1168
3143 653
5542 8515
4485 8053
7540 4571
2090 9711
5101 2790
6170 9846
425 7993
6366 5062
447 4690
8786 8363
5304 992
4211 4838
5743 762
7178 6016
5273 9948
6400 4968
3296 3902
9596 2932
499 8881
6045 5882
2904 5472
5513 6181
737 2201
145 8983
947 6122
2109 604
2819 5633
5091 9701
531 5493
7696 5463
479 6162
8601 8246
8145 279
3564 1667
3935 3716
4347 1626
636 379
3851 9873
9177 9496
7991 6513
9503 7496
8708 9757
4419 7244
7093 2932
2043 833
3693 7577
3392 9343
7274 9219
4584 4128
8654 8365
4897 763
269 9562
9148 4558
9259 6697
8124 4005
5300 7513
8678 4317
843 6169
8674 5527
9357 3436
9834 4508
3351 5944
6170 3585
3065 8554
9427 8325
23 4505
5130 9893
1357 4881
1019 6835
5982 2849
2785 5491
8736 9557
7397 6979
2325 7404
9980 9164
1809 6724
4315 2027
7098 2499
3928 2140
1132 9419
489 2618
2770 7349
8059 2836
6677 9501
755 1797
7858 9766
388 1491
4977 4062
7818 4301
7143 5698
34 1263
1533 5563
8818 2702
2305 2676
1794 9629
1755 4051
8292 7970
7186 8747
5416 9564
9195 8580
9777 6989
1811 1674
4971 4765
2921 8575
9549 5734
5192 1847
330 7728
1783 7208
5604 8844
6073 4125
5627 5583
277 369
3039 1681
3395 4946
3750 2678
8582 7257
4387 3469
1391 5755
1662 3581
141 585
3149 8707
1524 1751
2162 2294
8381 5295
6467 3325
3423 1729
6824 7175
6645 3910
3936 3042
4897 1604
7643 711
9549 832
6951 9075
3612 9567
1424 5013
2368 3518
6319 2804
7519 949
4109 908
9809 2415
4357 4621
6022 3260
4710 2610
2803 5755
9146 2814
9752 214
4549 715
227 6961
1847 7250
5758 1507
8019 2248
3202 2476
2822 7565
9986 3527
7080 8784
4144 2654
896 8829
705 5262
3071 4784
3287 3377
3213 7346
1794 9419
5068 3405
7646 8390
8429 2539
1623 6525
1581 8183
7396 9469
102 8417
4687 1650
9500 1852
7307 9611
6192 4042
5572 8825
8487 9736
9142 6033
1706 1048
4989 3180
6098 9694
7670 2367
9398 1075
3433 6189
1226 1724
3166 2465
8509 3744
702 7274
659 1948
1765 5422
7142 2794
3756 4038
6160 2399
2711 1862
1045 4738
7144 2212
6947 240
5175 4038
3889 4335
6048 2989
8114 1718
8505 6552
7807 4372
3059 5692
6563 792
7405 3153
5298 5419
9331 5288
6264 4625
3360 1403
9804 4294
6689 1116
2633 7835
2996 6189
4951 6358
332 6416
5886 6436
874 52
2552 1402
3435 7057
3594 831
3331 3218
8506 2363
9473 3170
6004 4117
6111 9234
6791 3319
7700 1170
1708 7254
1990 6426
7428 8179
8069 4620
9599 9524
7298 4872
6999 8694
2970 6498
1711 9154
7171 9277
4271 2706
6508 6199
785 1472
3592 6772
8136 5950
8048 5585
2931 595
1949 1682
3780 8820
1488 6228
5356 8144
4416 1350
8988 5694
6934 3521
9636 2862
3579 4124
3041 1273
2208 411
1917 6828
3179 2632
1030 457
1626 304
1739 6644
8283 2777
6427 3831
992 9712
2599 936
1965 9918
9302 1958
1801 5073
9546 7508
9801 790
5157 509
9641 8696
2026 2764
5019 9792
6572 4596
5577 6288
2356 8131
8534 8199
5655 7281
1462 787
2540 6454
5968 9080
7688 8262
4527 1932
7096 1237
7865 9195
8358 5846
6810 6827
3611 78
7894 1867
6719 4087
9722 3905
1818 3061
6647 8529
7459 5181
2426 4520
7151 7826
6599 3211
5962 7740
5546 5006
188 6643
7678 3909
3968 4492
7008 2929
4959 1781
1898 1068
180 1387
176 7940
9060 3789
2851 2717
9117 7881
3569 9867
9553 3923
131 3995
5982 3187
835 7060
2772 2390
8053 3967
4812 1946
1130 6337
7775 3423
951 1167
9364 911
7705 3534
6977 1428
6319 6948
9311 2541
9037 420
664 5192
684 8828
7385 5975
7038 199
1982 7579
8498 5939
8392 6965
112 5831
2323 3366
4539 3927
1789 5762
9826 8987
128 7147
4437 593
5926 2733
4108 3372
8418 365
3625 6817
484 5900
4780 8171
6182 6212
2352 8327
6490 2630
6739 3167
6401 5973
2455 7048
3145 7758
3326 7428
2755 2840
4058 8922
6892 9449
1874 6017
3235 3437
3535 5694
862 1742
4379 5130
4990 6932
5013 5661
6625 4955
9766 70
2822 1471
4091 5228
2181 2149
8732 2642
3483 8230
7154 7272
2519 2239
7748 2841
3021 5023
5571 9844
3342 6439
1731 6216
1488 3850
1320 5343
1969 9222
948 1302
761 979
8006 9235
3444 2194
839 9001
4613 9844
2397 7793
4412 9624
4797 8611
7362 5832
9092 6175
8138 8399
1915 2317
4083 22
7209 4318
1764 6952
9143 3954
6124 146
7337 9722
3373 9950
5132 544
225 4142
6660 3250
3475 4879
3174 8543
2863 690
7489 1093
8865 7747
3689 6170
796 2820
2407 8339
8861 6472
8709 5440
9574 1265
9849 3446
7522 9254
7612 9318
4768 7280
233 7440
4525 1750
9462 9866
4210 5871
9619 7576
1040 4490
6379 4572
1491 3269
8978 1817
2269 3558
5428 702
4588 3631
7700 964
5550 3887
1096 4286
2767 1768
7162 3121
5354 9166
7821 2358
4261 2636
6207 42
9634 7317
7261 7062
9538 9965
8586 1995
3111 1328
9064 1078
7810 5521
4863 7103
7849 6525
3701 4845
8163 9546
1298 8659
4630 9031
3483 1614
3253 2486
1573 5022
9110 3135
7155 5061
3900 6353
8303 6471
2004 5468
6071 2560
8838 1681
7211 9395
1517 2459
8133 9603
2561 60
3312 3049
5522 1122
2503 5420
3369 2612
2909 4379
5867 2884
9298 5457
6025 6695
9805 7027
1162 3371
3990 6658
2724 9645
8800 6573
6847 9281
1940 6723
166 6905
5568 2434
786 6300
636 5581
7137 1480
475 7705
3278 7192
9049 1712
9486 2827
1599 1731
1740 4184
5023 3842
3691 6375
2292 2904
2754 4555
4502 6050
3760 516
2244 2340
463 1774
2046 7243
240 8192
6092 8011
7406 5248
6432 1363
3655 6486
6111 1712
8594 261
2137 8054
1541 7334
284 8796
1281 5989
1681 7047
8313 7799
7736 7790
6609 6181
8021 7665
7232 4891
8038 9149
8478 8051
6039 9756
7437 7914
9357 9707
5000 4485
6016 1813
3047 6980
1116 5116
3503 6613
2602 3881
7399 7189
0 4256
1314 5921
74 9925
429 5670
648 3200
7563 9311
6292 8020
4200 6411
9490 212
4610 729
1542 9552
1613 8959
3635 2373
8405 3509
6927 3746
8654 284
7218 5577
7146 2325
9110 9481
9603 2448
5299 2877
8468 2374
6279 2161
2373 2880
1720 8735
2096 9807
6131 9088
1361 5438
7063 1271
1153 3318
1930 3058
2590 370
7203 4683
7698 1852
7449 8601
6893 5827
6010 5963
7462 2101
2919 8877
4621 8181
539 6060
3003 6224
1185 20
5378 1277
1926 2506
1552 4492
7491 9946
5946 7833
3725 1376
1099 2817
7701 5264
5292 3757
4450 9018
8040 9182
5279 3053
4099 6561
9128 1757
6209 8293
369 6332
5650 9871
8655 3035
2265 7660
3825 2743
1048 4258
6577 7180
3266 4930
2003 8414
8437 7931
6229 4551
3800 1705
1573 1154
2248 9226
5368 5924
1728 9879
5415 9716
1794 7014
6098 4385
3767 3501
1144 9926
9021 8520
1448 8244
7650 8483
9986 4468
3688 291
1143 9598
3460 1847
6024 2201
217 6776
9193 8600
9960 2963
9292 2758
9764 2438
1303 7560
877 6304
3786 465
3293 7565
7558 2136
4739 8123
7776 6973
6474 4531
4891 6114
1231 1248
6580 87
116 9902
745 9592
4079 7678
9741 4641
4716 1853
9336 1216
3387 5740
2576 1193
8420 4693
1953 8474
6162 7379
3820 2121
4333 1639
1873 3563
7363 1293
7361 7013
1087 129
9239 7131
5144 9495
7116 8955
8900 9666
3338 7148
5173 6198
2147 9674
3684 6920
9732 7717
9547 6421
2082 555
2446 3654
602 9238
3408 3538
5331 3359
9786 8075
4682 1560
1042 4941
8333 3679
8706 162
1676 6471
8839 225
1797 1296
5233 4599
6395 1364
913 6956
1095 8619
5785 4133
6421 1837
3262 901
4582 7809
2417 4535
9737 4872
915 2603
2957 6676
5394 3776
4398 5689
4105 2540
5498 680
2767 8786
3226 6942
2679 6533
9094 1040
8403 6798
4772 9933
4897 6585
8117 5465
3074 8135
2142 3579
4016 8334
3692 1799
7540 4629
2089 969
2986 2277
2836 6160
51 497
1085 4415
2003 6245
5772 2729
5782 9076
1186 1535
1863 2506
6614 3686
6187 8477
779 3831
7868 9318
6732 2632
7630 6959
3089 427
7977 8331
9657 8483
4528 6701
9504 3956
6995 8432
7926 8783
3295 7816
9317 6409
5227 325
6623 4029
7682 9050
5142 7265
2915 9206
7642 7461
1246 5613
6437 8196
1519 9382
6789 9116
848 4407
4005 4247
1952 8766
369 5599
9233 6408
6002 35
8901 29
7426 3770
5762 3787
8116 779
4321 5081
5731 5563
8411 5058
961 9869
5502 8130
4089 8452
3245 2691
6221 7646
555 2933
5989 3779
6418 7544
7074 9354
6752 5208
1912 6748
297 3052
9306 6706
3181 4903
6343 6142
1131 8265
6878 5789
468 113
3457 2149
8121 3893
2884 7563
9296 3531
5995 3239
3963 2980
5898 3066
4695 2700
5394 530
9832 1701
1837 7869
3925 5796
8958 8554
1602 4863
4763 1838
9532 5736
5547 9960
7952 4588
9836 4831
8754 6123
5347 6934
2004 3056
3078 3847
1308 5181
3598 5856
9598 6672
9295 2303
6415 2158
5008 6683
6842 4871
672 4337
9784 3574
1159 2034
6530 4560
6857 9835
5314 7698
2254 9546
5062 7004
6792 6766
5578 8786
9644 5881
2547 4498
826 748
7629 4314
1130 6105
8453 3054
3747 86
5338 5430
2999 9359
2099 6567
7555 819
2919 8943
9450 9312
9721 2389
9183 4737
6476 7639
8884 8245
4823 4557
5397 9434
9761 5492
3977 5119
3938 3831
5501 5256
6051 5222
4141 2628
9165 2113
2951 6645
4427 3214
2249 2934
2854 3759
9708 4216
458 727
5214 5265
2723 8389
790 4378
4173 923
6987 6105
9599 8695
7970 5743
7271 4952
4790 2516
5228 3217
7537 5599
4533 9202
7192 9634
2303 9520
8081 1134
5490 2325
3674 7938
6221 5003
8131 1654
1771 6706
6459 5699
9872 9155
9934 2207
3893 5424
9357 8814
8450 8549
36 2585
332 2841
4788 7529
756 6365
8647 368
9129 1604
2696 6926
5440 9581
8801 6046
7218 9633
7668 5047
2074 5064
2697 5028
1651 2949
5798 1794
8988 6099
5024 2668
5694 3583
6994 4030
4862 7398
8461 160
941 2987
2164 4246
4465 5041
3698 7510
8372 6658
9602 2670
7793 2503
4590 1013
5583 7251
8749 9015
6097 832
8608 2267
7547 7074
1679 1855
7576 9841
8118 6402
505 2543
1239 855
25 4719
997 4587
5235 2514
1280 5406
3861 7265
960 7304
1804 4494
1381 2330
9870 6425
803 9438
2004 2838
2692 1593
3242 1303
971 4012
4510 6738
1168 7306
2935 9735
198 3038
5932 3871
3216 2958
7566 721
8102 8697
8940 158
2331 7960
6127 756
7092 3683
6114 7084
2316 380
8756 2585
8931 7571
2800 8525
4727 8966
4557 9294
5874 2881
7406 7915
6709 1790
9291 3895
7378 4844
9850 1411
3918 9726
8009 6629
8359 4795
1980 8173
9519 6217
4915 1595
2398 3422
4481 986
1192 8433
2247 2559
2285 3964
1143 9832
5132 9518
7041 4535
3348 5410
8717 7332
8826 628
8947 4567
5760 3233
9942 565
1369 3298
2159 986
3293 9514
366 8009
6299 9727
1503 1879
1249 6008
4013 8503
7654 5805
7378 903
9929 4715
8391 6233
6767 5272
762 3426
8735 1882
1509 2039
7492 2243
8781 6609
6840 9709
947 8164
5527 472
5526 3877
4287 5438
7722 9226
7281 9958
8079 5211
208 5972
5904 9009
1250 7483
819 5100
5663 7873
657 3417
7617 2165
1256 4923
7172 9069
5837 704
3132 4387
8090 1494
7344 5426
7367 3938
8674 5206
6052 9958
9625 7375
2746 2661
3992 4591
1866 5011
9891 3770
8209 6455
1454 4248
8160 4767
5568 9149
6271 7377
1946 2527
9742 5971
8996 417
7097 3365
5151 8401
3407 9001
9931 9025
4978 7573
464 1612
7606 1309
1042 4387
3410 6380
8169 4974
920 8302
9152 6782
2892 9583
5705 498
740 7220
2180 9936
9068 6990
2255 7916
4665 4013
4195 2605
280 2640
7477 8790
33 3126
4106 2121
5812 887
859 336
8258 5737
3507 5232
4145 7409
4864 5269
7798 9114
5558 6941
5033 7993
2771 630
2091 9841
1676 7770
1711 3220
2394 6034
7120 2058
6228 5007
3604 4834
6783 5093
9108 9335
4693 6483
9072 752
2549 988
5271 8135
1395 4514
5352 5299
2578 4808
9486 8237
2916 3263
6972 2930
3325 1346
7028 2489
1083 6932
168 4045
3252 6951
4270 2081
5910 1729
2779 1535
8539 4517
9843 9282
975 8404
2359 8640
9349 9551
6221 8368
5603 8739
2737 6970
2382 9395
8423 2335
6124 5950
3524 5891
2054 2340
9740 1055
845 4347
2429 7537
7273 4216
5802 4780
4216 1003
6355 520
8339 2529
5681 2706
6290 2718
3144 8975
2677 507
7660 9283
3216 6752
5583 7815
66 8286
6697 3412
12 853
9129 585
7795 8595
3738 3878
6232 9148
7632 2786
501 8510
4854 2743
6863 2741
766 344
385 2363
4478 1466
550 4465
849 1210
3229 707
1981 7897
4658 3334
5817 6845
9654 8374
6274 1958
6417 2767
3159 1797
4389 3711
871 4570
2359 4459
6300 5698
740 8633
4720 1820
3937 3490
539 165
496 9216
5316 2972
174 3366
2576 9149
1447 5848
233 9644
6525 9956
3051 9136
4644 685
7805 3111
1637 3135
6401 1961
7075 452
8501 5823
414 3165
8102 4237
4867 5474
6660 5933
3561 8909
3379 5036
5818 9637
1581 6602
7039 1346
4980 5089
1659 7160
6229 9890
8515 7689
7639 3185
9197 8464
1819 472
5271 4297
1344 1354
7797 8852
6822 5469
5046 8206
330 9343
4246 741
7077 9803
7679 2520
5955 6825
2627 1657
5479 7462
1243 9530
9215 6805
4040 751
4932 464
6539 108
6080 7034
6110 2770
7752 8585
5367 6884
549 1210
9006 5415
308 709
1440 6418
6451 2139
3828 4856
9204 7654
7204 2362
8115 2829
4188 9846
9237 6431
2594 1775
5060 5514
8019 1114
918 2437
9519 8593
9060 9924
7661 2245
7253 5784
9235 7682
2819 3133
4150 4156
1807 4236
3584 5877
3313 6069
9201 6983
1816 6921
5486 4120
7508 2235
1576 8683
4271 3597
3212 1757
8766 8100
5454 5904
7031 7424
6941 2151
9423 7818
8452 6173
9314 8213
3196 727
5695 4405
1199 6901
1714 7337
1154 9283
76 5635
6718 539
3544 2082
7658 2471
8843 4773
6384 3524
5328 4378
113 7980
5385 7768
660 326
6137 1378
5124 5546
6671 8996
9861 1613
1439 3014
3503 9095
3323 4497
2026 1429
3063 2860
6561 6987
4285 5410
3662 1588
7356 1800
5151 3789
4242 5126
827 7627
3332 8646
2089 6384
7742 2848
982 529
3328 2343
2418 3244
8767 934
4393 2368
2471 3835
6104 4183
1575 2959
9992 6
445 6766
6525 656
941 1336
6913 7867
6485 2983
8558 6468
6064 7559
6433 8188
461 2091
8603 1377
2188 4344
4514 8333
5091 5658
2645 5229
5731 2016
5609 9475
1599 1303
5590 8642
4208 2409
4588 2576
3265 8800
441 935
8644 6171
8573 543
133 9763
2958 2394
6211 8215
1458 4071
2335 7786
8003 1696
7217 9304
8146 6225
5892 4224
5384 4888
5395 2120
9894 3805
7765 5158
7505 2303
5868 3070
4689 7072
1163 5788
3094 5117
5895 8182
5011 2082
314 913
9980 4841
8022 308
857 4481
9367 5088
381 1417
5171 8347
2500 4124
566 2199
4315 5240
5953 5604
5130 2648
5972 29
3222 4758
1666 7673
809 1020
243 8715
1650 3551
7968 788
1988 291
2844 3762
5963 8504
2659 5264
7803 2991
6731 5683
5837 1015
5383 1436
8275 7939
3883 5958
660 7271
3639 4769
7543 4025
731 1132
9424 8901
7926 9183
1823 861
7111 1767
4690 2682
1369 5052
4841 8122
6634 329
4590 1733
3308 1119
1729 5492
7575 6562
4506 7839
3707 4761
2023 4866
9062 735
7844 9068
2073 3196
4851 5286
8539 3360
783 3847
9299 5160
6311 5567
1542 9202
483 6761
3767 6669
8858 8251
3326 2884
9971 5423
2222 8703
598 5313
5742 9982
8041 7488
6731 2022
4972 737
8257 7931
137 5534
2383 5635
479 3478
4880 3327
7477 9591
2647 3135
3387 4303
125 2672
6362 5580
4656 8032
862 9077
6927 8323
6732 7686
3367 4174
9190 8888
6204 7855
6144 9900
1770 791
7637 8248
1436 9266
7462 6465
5108 8459
6366 5182
2272 9765
4643 2934
6615 5317
7341 3872
2160 8954
8095 3636
1549 3134
1850 3663
8086 9085
3567 9843
4821 2132
4310 5161
6902 44
5238 1469
1796 3274
334 4331
1552 6728
5267 3986
8385 5039
4776 6720
1988 5050
4845 7947
9348 7159
3788 3782
1815 9702
7829 4475
9038 1621
4625 9167
5192 2279
7292 5995
208 9923
9821 6890
6264 1573
1948 7774
1249 6835
256 490
7549 9146
3476 9131
4080 3938
3419 5744
5410 8938
629 2660
6533 2619
5017 1815
3841 8416
762 6882
7713 3524
2191 1565
6430 240
4745 2371
5133 2207
2558 252
9739 300
6490 3699
3573 7359
4471 8073
2554 1463
6439 9877
2745 1607
9752 256
8434 9491
9430 200
9134 3284
9987 695
1580 5853
4478 572
6532 7373
8353 6268
8229 8674
6918 2912
2857 981
520 5982
1465 5289
8049 8228
3828 5149
9118 7539
1171 2431
8483 4116
647 2267
7567 6316
1558 3922
3404 5496
8960 1053
8355 2687
461 7070
2187 5582
2340 7058
6755 3622
7311 3756
2443 5173
3005 6973
8419 7869
1618 1362
2199 5893
5713 9556
9400 522
2822 5618
7890 2565
5628 4771
5753 3987
9143 5633
2822 1589
8807 8539
283 6674
2080 4988
245 1376
8692 9520
6985 4720
828 8923
119 2685
7593 8899
6608 8043
2567 3009
8811 6658
725 1074
8396 4145
4681 626
4289 2484
7061 6134
3764 5558
3363 4363
4844 7593
3645 303
3708 3143
1793 8213
3684 9250
2237 3990
5049 7594
3411 7187
5775 7000
8977 8125
377 5934
8768 3296
8746 1111
2802 6963
3096 7102
5620 8371
5795 8242
4072 8020
9253 7589
205 8272
2728 1803
3057 2097
599 6480
9012 4525
2177 2347
7992 8546
43 3208
5058 4598
4854 8056
8929 5631
2429 9986
2943 4303
2850 2959
6600 617
5770 9147
2314 6984
5788 3993
5436 1855
4713 4472
3680 3526
259 1282
3344 8976
9759 1268
2162 6874
9576 7991
4212 1986
2055 5926
116 6709
6377 28
2698 1672
66 2346
6819 6208
2025 1178
3757 5155
4074 1619
8651 5504
2248 8067
5606 4804
8679 903
3502 5708
9351 7047
1717 9251
7694 6458
3367 3206
9942 4415
2665 4958
2999 8903
6939 9610
8340 8745
6162 4631
8134 3543
4941 2531
3521 810
6393 2688
4795 4352
8785 5303
4222 8346
6415 3054
619 3926
9329 5731
8289 8801
4791 5367
5485 7814
3270 3971
4103 2932
3332 1595
9331 8505
9923 3486
412 2081
7836 4010
1317 421
9947 4106
5980 5700
8192 2060
8487 6601
2874 1326
6988 5063
2466 5687
586 2546
3227 7726
8368 7615
9358 3413
3610 4832
7432 6755
3897 8514
7497 464
7680 72
7898 9249
4149 1518
1829 8347
2180 5019
4301 2421
8451 6056
539 1313
8908 5219
2071 4651
6972 9273
7190 1849
821 2892
1948 9376
6345 1005
1306 6623
6760 8188
7580 6524
7450 4680
2818 1470
6488 616
1486 1316
3228 2688
8963 6950
1533 5706
681 7920
1723 4975
8666 9042
6234 7435
5091 3620
3317 3555
3694 2520
795 6580
1295 1213
3447 2269
1663 3392
742 6588
6577 3818
1162 6813
7106 8928
4707 6325
51 7824
4877 5253
9269 9306
3602 8360
2412 9946
1587 6012
5827 1859
202 6858
9911 3476
7217 2415
5127 1978
2488 3878
800 2267
9332 9043
3355 5711
8769 2275
8274 7755
100 6272
1286 1325
9978 9015
6942 5877
5267 4897
7430 4042
5600 4160
8254 4695
6034 9802
8077 5040
7706 3068
6883 8580
8890 2653
8954 8242
3153 8217
9806 2141
8275 7246
2069 3772
2065 4427
6673 1820
2577 4690
1763 2464
3950 7916
4246 7539
6487 7183
6116 841
3526 6756
1047 5111
206 6123
644 5489
999 2427
9971 3280
1816 870
7817 7369
6677 3682
121 7835
2454 2081
9245 3181
7058 6487
7056 6707
6148 2205
7050 8821
9485 2002
3099 8876
1717 400
774 5537
9789 1888
8614 6716
5452 9980
5521 6897
1801 990
5840 7026
915 803
2232 9521
1469 7644
9929 5435
4277 7392
4420 9018
2318 7599
1737 748
9946 394
9945 6283
747 6265
616 1117
3223 9346
1912 520
8119 5252
7342 1507
2601 4386
3717 6047
9804 2829
6111 3152
8479 7829
7087 804
5605 4590
9426 1559
2845 6547
6474 1668
6236 2957
1105 4454
4745 8609
6994 1040
4932 8866
3808 4919
7778 3933
1096 684
4401 8151
8798 5463
9705 9091
8715 1475
5168 5655
8739 9716
5976 3002
3084 5765
443 7685
5703 9283
6508 7382
6314 366
4776 7466
6765 7200
7774 3494
4468 7677
5731 2744
1880 8911
6384 4473
8590 8657
1830 4873
1323 2383
3545 1587
4020 4010
2409 9681
9606 9686
6618 9338
2573 8096
2860 474
9357 2238
154 8178
3089 3997
1968 2494
8884 7572
8794 1772
2668 9474
31 7746
4814 8550
6599 6171
9826 8499
7218 9753
3362 7138
6724 9036
3161 2962
5865 2884
2151 1085
3565 820
8746 948
1776 4521
2078 9091
9256 44
5078 7434
9985 1962
983 5636
7798 3680
6654 8759
4097 4296
5639 5184
9409 3738
9508 6461
4535 1677
4959 5057
6044 2118
6942 7910
3021 365
2720 4347
7125 9198
219 7725
9559 4362
7657 6484
3784 1109
8428 4724
1511 2330
5507 7763
5944 2741
6071 8058
3200 311
6307 1854
2003 9736
7305 9669
1844 7355
9891 1197
8323 4629
8239 6698
904 3815
9301 5494
3387 8630
8358 4427
6166 6997
8717 9049
4014 7216
2241 6037
6301 6885
8767 5289
3018 1732
904 8088
1013 8413
8637 9344
43 9690
400 5606
1298 6589
5008 9218
7085 4434
2022 2859
4197 5277
7599 2058
2976 3354
8033 970
8848 5194
3012 2488
6860 3791
2980 810
8059 912
7203 9851
5324 2680
1356 2787
771 7624
9690 3450
1541 3170
4530 1696
2217 697
1175 2885
2941 5956
6199 3571
4686 9904
6394 3297
9846 7228
1677 7929
4578 1212
7961 6678
8591 3261
7686 2099
7881 3042
8367 148
3971 9497
7966 5653
146 1646
9870 6252
3325 202
273 7687
8825 149
7889 1219
7138 9718
342 292
2496 4338
3511 2082
6674 9222
4605 3855
422 4518
1503 4417
8829 1167
8950 3086
5448 2605
173 5675
8932 9443
9204 9898
9130 6640
1892 1190
1288 4730
6736 3642
6688 714
971 7616
309 747
858 5355
3586 8615
8156 9212
2473 4757
9689 969
7277 7619
3494 5021
118 3465
8007 7167
1308 7581
4057 5339
2971 5391
8929 2399
4813 7453
2663 668
2824 4743
1134 8296
9722 9742
2751 4674
3154 2537
3729 9896
1482 6264
6440 3540
1000 8738
1025 5436
8201 9467
5595 9295
6924 9762
494 1151
1144 6373
1205 8188
4615 2655
1301 8831
933 5452
3321 7305
973 7096
6017 959
3226 3101
1053 5435
6333 5700
2242 8736
484 1160
7384 2722
6473 9705
9862 5216
677 6987
3472 3623
2121 5016
352 3450
1155 2320
8636 6955
4344 3719
842 9193
5548 6836
6049 6264
5362 5674
8272 6817
3614 774
7480 3436
8206 1793
630 1607
6602 1588
4577 4121
7551 6888
8040 943
5484 7401
4513 3261
349 7300
3971 977
1332 3165
8075 5697
3594 6824
4566 8966
5556 228
2051 8853
8863 3383
3473 1631
8687 4610
1806 7767
5850 8663
3410 382
2002 179
1691 3206
941 1236
2665 289
2364 8542
2874 4710
578 1606
1404 1415
4242 2791
2861 9574
6809 3827
5940 7570
1745 4313
6843 5634
6035 3267
6500 3928
2964 4073
5803 3140
6957 2890
3482 1747
1739 8995
4492 6117
6658 7949
6699 7752
7519 526
6205 6502
3687 1979
6212 8904
7433 7820
862 4302
2218 8326
9861 7598
8406 3931
2122 8785
8441 5465
735 4403
7509 9953
6762 9089
8234 1754
1443 5014
3278 8815
7336 7924
4452 1475
1602 1081
1602 6533
7517 4987
8359 9962
3634 8183
8280 6445
769 8853
375 79
2042 1586
3691 9016
9784 1780
2627 2964
9897 8311
3763 9502
6038 8596
7980 3298
5354 948
8522 7415
2984 6306
7066 4296
918 2842
9987 8089
9871 6437
2485 6683
8572 3639
8629 9238
2183 6557
9882 1909
4722 2572
4107 7364
143 9291
2151 5234
4195 9295
4742 9731
4889 1789
7534 232
2204 1279
3986 4224
6973 7423
9941 3940
4821 1228
1590 8769
1439 3658
8948 9906
737 7347
8094 391
6300 4641
4148 2194
138 1288
3771 351
9202 3679
6985 4225
5169 2145
9728 451
520 5201
3359 5857
1898 6731
611 3884
6682 9595
4470 7177
5545 1986
3335 1873
5207 2552
2220 6905
8929 4011
2748 6752
1501 442
1600 8185
1755 1397
9076 4600
4375 3473
374 529
1912 8378
7641 3856
1883 1130
8420 2246
9410 9691
8934 8557
8040 3796
1534 2087
5396 2544
5635 596
5719 7534
1617 6912
5761 5357
5364 3580
4450 1334
1651 5025
2973 5866
6631 979
2100 5060
9865 1654
5614 6868
8147 4426
9887 1966
3259 843
822 7743
1153 4972
8031 632
3460 3799
8873 6831
1938 3039
4252 223
8523 9875
3063 7387
3703 8552
2628 8227
6364 9536
984 3794
7160 3032
1353 5591
3453 3472
7327 6526
6165 2020
568 9456
7807 3388
6600 2773
666 8712
3911 1220
2310 4150
5727 6228
5607 6701
839 8073
4956 4051
2163 9780
1573 2944
1364 1144
3145 1015
6731 4708
2535 1114
6908 9564
2443 621
1324 3795
8067 6335
9228 7739
6361 7466
4113 1926
7127 8132
8280 7516
2397 6745
5360 6600
8956 8988
7602 6190
4993 8565
1009 9310
8685 1649
9088 3354
4401 5028
8314 5255
7904 9942
3731 3447
54 7494
3534 1743
5353 3519
4683 6089
1707 4565
352 4815
3717 5771
7154 7517
3576 123
2825 1967
3210 633
2131 875
7811 4123
1621 9232
5033 9146
5616 3677
628 1277
303 6147
3820 9488
3325 9280
2607 3065
5791 8811
7748 759
558 9037
4959 6627
8342 4102
6607 5374
1519 2300
4385 96
2443 6675
5385 3881
6100 9529
2924 763
5020 5917
5470 2199
8046 9718
7155 3268
5403 196
5869 8544
4621 4859
6117 4157
3609 1663
879 9316
5348 5616
5195 2057
9737 9234
7144 5733
377 1663
6659 9314
7520 5279
1827 5317
3515 6194
79 3623
8534 636
4784 7870
6218 2028
6748 8811
7163 1309
5418 6387
988 1088
2745 2567
2207 941
4879 8408
3261 1617
6119 2968
1461 1329
1728 9382
3278 7259
2723 9192
452 5086
9907 7288
3457 5050
38 7374
3435 6809
2165 4357
5890 5922
5481 4828
4196 2908
1890 5747
6710 4013
4759 3295
7837 4971
7763 4657
249 1151
3954 6723
3678 7182
6790 2898
117 1494
2303 7501
2179 8227
7882 5912
2146 8592
1064 7145
569 172
3671 7622
2458 5738
7252 5023
1261 9647
1706 3190
8250 6312
9728 1258
1482 9152
5465 5832
103 9343
1477 5523
8242 2954
7611 4017
5668 2662
9393 4941
6866 707
8170 5027
6146 2570
1817 1109
9912 8425
5433 2040
7418 57
3912 7067
1776 1434
3718 8446
4075 1394
7884 395
825 9466
6989 4805
9339 5271
857 1033
4364 401
7330 2670
4750 4183
10 3562
4379 9051
6240 7159
5346 5132
7606 454
6476 2806
8885 3471
1255 1988
5053 223
2352 272
6119 3795
1424 8696
80 9665
1234 4928
8565 2623
5928 8594
2119 4733
1951 6657
9358 3052
6993 8891
9183 97
5925 8118
7536 7267
9990 6973
7820 763
7384 8843
6102 7087
3655 2138
6835 1870
8901 9412
3861 7987
273 658
7933 2997
6212 5509
9210 5799
2421 3753
3181 6909
5428 4136
5312 595
8757 1183
8444 1139
3479 3359
1845 8386
5830 1866
8001 9082
3981 3331
3811 996
9917 2975
3527 3057
9482 3679
4110 9165
415 1351
1971 7554
391 9132
3548 5324
9511 1434
5354 7384
6083 3944
4767 9472
4960 1406
3645 7250
3154 730
6425 3341
5314 8564
7114 6178
2371 4353
5397 5365
7630 7894
5670 4811
2856 2009
6577 5379
6055 3735
8323 4043
2929 3301
5797 9757
1218 1790
4886 6268
1307 5685
7761 6025
455 6678
1917 1204
1632 4236
5655 8842
7459 4530
8460 5813
2662 8245
429 8451
3852 838
6304 782
5823 9182
320 8000
4332 6595
7595 8707
9988 2774
3974 803
2269 5808
8867 2292
2582 6885
2054 8738
8250 8844
3210 4946
8410 9983
6771 5883
1324 1225
3357 2487
5327 3532
3732 2464
593 6962
6648 5928
4066 3257
6559 5762
5208 9423
4050 9871
5141 7047
547 8837
2562 4908
5136 6712
1745 6404
5854 1696
6099 7871
2120 8241
3879 7648
3139 8321
9303 4843
5907 4620
7797 349
2281 1909
9780 9038
467 8627
1362 5053
9775 9304
8493 6621
234 3414
3570 6137
9016 2287
3818 5023
1950 7851
1719 27
5022 618
8814 3596
3873 4574
9532 224
2555 159
8245 8239
5153 8949
5933 3724
7319 3023
962 7037
955 3216
4097 5579
468 7802
6046 3194
7920 9708
3037 8951
2232 6226
5560 3130
5250 9522
7998 7870
3803 6324
8727 4248
8685 5095
9628 94
4468 850
2947 5984
4427 7353
6239 7692
5889 4857
5640 1896
2946 9369
2142 4152
7271 6940
2378 8377
8710 1592
3549 6206
3554 1935
4971 6111
4849 2571
7159 2300
8540 5561
4280 4599
2315 7302
6134 5207
3410 7295
9537 5775
1127 9016
5719 7395
717 8050
7038 5951
3688 6003
4913 5842
5389 2458
4816 8212
6487 8924
9901 2174
6159 6796
8871 1813
9022 7440
6788 50
1200 267
1099 9895
5866 2768
8693 2834
9124 8659
287 8365
327 3635
4453 8828
3791 4250
3006 1904
8196 5011
7181 3406
7163 4230
4935 8159
6045 5664
5270 8448
2353 6622
5252 3432
7604 7349
3500 2201
168 2034
954 4791
7547 2972
9294 8
3018 4516
8420 2610
9014 502
9267 4890
3336 7528
1288 3405
7834 3000
3887 493
631 7815
590 2314
3363 5735
3244 760
7442 2350
605 2754
9794 8687
1486 2313
8380 205
7233 4339
5510 9947
4620 8735
851 4453
2837 1916
9415 7127
2180 7057
8454 1116
5742 7296
6037 3873
6585 5701
3061 8210
9292 5548
2570 9257
5078 6185
3735 4928
8710 1960
4678 6479
8803 4642
2353 762
4892 7131
6775 977
6932 5768
6868 4634
7185 9590
7658 6480
3650 4374
6690 7908
7716 5786
6713 1098
1755 1346
7694 75
587 437
4629 6822
5768 3330
9809 9710
7098 9352
6856 7276
495 8712
9532 9034
8602 8602
9697 9946
5553 2505
5191 4557
4980 2752
1124 1004
7858 5507
4144 5601
9250 4983
5975 2938
7805 5212
7075 6621
824 8857
5981 2065
2115 3966
3997 2280
547 4846
843 9299
719 4076
4942 6535
4323 4970
8527 3114
6052 3504
1245 5569
2876 1210
7840 8082
3913 7234
2400 4075
2102 3154
6358 9740
1076 5699
5097 5336
3527 8472
8025 4323
9746 8529
6880 8020
1121 4910
6453 3044
5000 8892
7956 9921
9112 1783
506 5087
2147 1259
1282 4628
7893 9812
7025 8651
1622 5030
588 1494
7327 9713
5203 2789
7281 5595
1627 2430
3222 9698
1342 9838
5963 1350
948 6729
2762 9994
3777 7206
6510 7727
2358 6266
4955 9095
1346 3601
8098 6454
2187 1703
8714 5003
1932 5873
9724 7579
2159 8186
1450 7416
1619 9156
347 404
8291 3539
9288 9991
3072 9108
3125 8522
2795 8806
5234 8180
5108 7524
2555 1147
3962 421
740 6089
4839 9592
12 1398
1496 4236
6108 1482
9686 8422
6602 5207
4226 9950
7584 5766
1174 3220
9886 3817
9308 4183
9674 1460
9303 5545
7454 8969
5182 8757
3349 6805
5904 2296
4045 7506
4301 7132
9926 3227
7412 3597
9839 9530
71 8495
376 2309
8797 1830
9357 3359
6882 9229
9142 7801
636 6871
3142 36
1708 7473
2597 3044
9636 3930
7698 3802
9202 3208
439 3236
1372 7722
9609 4289
8898 5082
5913 8490
4758 702
2183 8217
7849 3481
3891 7539
5533 9503
2806 5679
6790 5842
6044 9387
7383 9686
6415 4245
1530 9994
4586 6592
8517 1957
4033 9225
7990 8130
6472 1598
8392 9455
2613 1760
9723 1942
9498 1933
3129 5713
783 4645
1847 1290
1863 4670
5719 3769
9413 2087
820 9042
3344 1931
4742 7599
7644 3223
8710 865
7957 4572
6017 8936
2435 6361
3087 4784
2399 3049
1923 1814
1878 4850
5491 9136
1780 619
6545 405
8723 2436
7238 8075
2286 2139
4273 935
2658 3501
5038 8932
7202 3421
4927 3982
4250 4582
715 5912
8037 3643
5269 274
3552 6943
7800 6289
6449 2192
2189 3050
806 3694
1798 3787
7706 1240
5934 8895
6672 4879
1739 6216
4093 113
6662 9506
9264 5010
7526 5304
2034 4219
3461 8511
9636 6091
1411 4840
1691 1337
6029 7129
1689 5533
6101 9950
4494 3829
2935 2131
4439 5658
9759 6136
1992 7185
8800 5730
4231 5660
2171 2086
8870 7620
9186 2102
7268 9811
820 7777
4417 991
9807 7891
4076 1731
9470 6986
6738 9681
1941 9615
306 4683
9481 454
1415 3452
6436 2704
8818 6080
6942 944
3107 2897
1087 3350
8825 8893
2752 584
675 5871
8368 7933
7854 8308
442 1454
7792 2161
6017 8875
4296 1605
4774 6146
6782 5354
818 2898
9410 6063
9172 5293
7579 7579
7182 5020
5567 3628
8656 5160
8095 4316
6068 9623
9389 2715
7996 2965
3736 4926
878 617
6416 8739
9315 4334
2342 3146
6898 4833
5133 6831
1071 2387
6914 5697
5905 8585
8281 1177
7696 4080
8955 7260
9135 9240
3738 358
345 1428
6348 430
9228 3796
5530 5966
3758 3898
3881 8313
3942 724
1667 3067
3325 2475
8239 4119
2422 7172
5257 902
6295 7473
2202 7264
3907 6519
1420 335
1585 8323
4312 6373
669 4100
7473 9851
9216 2868
2880 2224
22 2890
6087 8723
8977 9807
5379 2891
3159 1752
7308 4001
3460 8958
4320 997
1135 2147
4531 9162
5583 8348
119 5134
3077 6635
3080 2473
8832 3545
7839 877
1503 1010
5036 8084
3721 770
5772 3125
505 2371
9478 8124
6281 4335
6488 3038
4640 8670
5949 3697
3855 1185
5105 9462
4359 5431
4233 3817
4258 2598
4807 5865
2542 9335
9035 2064
5843 8808
3186 9598
8621 2487
197 3361
1676 5507
2084 8018
2927 2956
1874 3470
5804 482
4643 4470
6363 8955
5694 537
8442 3519
9056 8856
4524 5911
8479 7411
6954 5736
8241 8141
6897 5658
9780 578
2669 2253
5010 6986
2861 6896
9823 4044
8922 9251
8719 9125
2597 5312
7190 8330
6971 5619
1176 9149
5228 3757
3826 7946
1582 3760
4704 7957
488 684
1350 5412
4694 5586
7398 4000
7071 3688
3437 6594
4896 4366
5245 3009
6820 6966
2331 9904
6806 2259
3367 9569
8420 4757
3234 2569
944 9578
1376 3040
6940 7805
3237 3416
9163 3
264 8441
608 8119
8615 9659
5760 9109
3824 8951
5287 3698
7110 5311
7275 9970
9551 1559
9820 5623
8814 2756
5043 1481
5631 6659
3022 7774
3961 2107
197 8531
2200 8646
7726 7338
4263 23
2189 3221
9502 47
8634 9924
3059 5274
145 3269
2068 27
5727 727
9547 1227
8910 2029
5960 2302
7834 7127
5077 696
6015 9051
3022 5964
5959 5585
3587 9667
5829 1094
4758 3023
4329 4777
7845 3566
9001 7782
199 1015
9614 3148
6575 4753
4835 7849
6544 5165
1001 534
3473 3092
3400 5350
7843 7492
7489 543
1202 6981
5510 851
2739 1789
2867 9359
8162 2112
3558 4603
2490 3789
789 2101
5459 8609
6266 9386
8759 1305
9600 8463
2859 6809
8010 7761
9573 1949
4179 9851
7925 1052
9009 5136
9913 434
7649 2560
1237 6406
9620 6470
2833 3160
9680 8286
222 4715
2660 2275
9581 3218
6513 452
9151 5864
4863 5866
638 8899
2699 5395
1195 2804
9309 4176
3594 6007
315 9542
594 7521
4854 4535
858 574
1322 248
8036 95
362 8464
7295 8679
7177 3164
152 8203
2746 6393
4306 7858
5148 4678
6176 1242
9562 2446
9818 1636
8610 222
4869 5000
212 2733
5324 5652
3150 5581
8928 3578
8949 6902
1892 235
656 122
9193 3261
5993 2531
7874 5443
5855 8185
2683 4179
5242 3376
4336 5696
9458 4989
9406 6916
1007 8038
6115 8086
9638 444
2700 7286
9092 498
4630 2690
310 6583
2488 3445
3692 2974
316 8704
6725 3778
7963 7443
4385 9692
6053 1639
8122 3098
3083 5133
3227 3512
9777 8624
6215 1577
585 5962
4304 9908
6653 2412
4494 5868
4183 4941
90 7776
5236 9755
9512 8027
2847 3580
4129 4782
9568 7976
6584 9243
5516 7230
5706 6178
8819 8256
595 9928
385 2701
8603 2234
7646 8781
9943 4750
9279 3318
6398 9257
9737 9277
2772 4833
1497 144
1443 4329
2133 415
9625 7955
2051 3694
6377 2613
6417 1363
4981 3152
2769 5708
3272 3187
7779 5689
7083 637
1166 6810
7755 670
9151 8678
8738 5346
8057 8911
6184 7856
7423 3446
4464 611
626 1907
1118 508
7767 3668
2545 9186
3566 4651
8366 3179
5164 9785
652 6636
6933 3970
7045 5537
5837 4608
7627 3548
6261 2339
140 4819
4901 7396
5231 5117
8814 2971
2713 2267
7530 3102
4002 7046
3706 4678
2698 632
6794 8053
9495 7474
4470 2003
5930 5190
5892 5489
7998 7035
9953 9480
3322 2287
2475 1843
3708 9812
1225 1118
7189 1192
9602 709
4043 1762
7805 4016
2313 1754
4780 5318
7313 298
4613 7670
9765 78
3100 246
9068 5818
5600 6536
4903 2153
1099 9504
3776 9022
7278 8795
1762 9111
8094 7209
2947 4799
4800 7692
8648 8986
5578 9753
8632 8002
2011 9274
8718 7531
9420 6058
2771 3895
7746 3101
9452 437
2783 2130
1715 5147
4919 6982
3516 127
2732 4075
3393 1333
3188 188
9385 878
6394 988
1161 3701
1767 6712
6898 9902
2307 7352
7983 3887
4132 2500
9656 7750
1017 8636
6221 6008
8809 6098
8442 5257
5330 2515
1436 7157
7400 1814
983 2735
3017 425
4882 7355
3751 4702
2653 9212
2102 742
2524 5908
9489 1441
679 6497
8216 2683
6292 9496
9140 1053
2049 2767
470 6165
4598 8999
7239 5255
769 5426
5359 5319
7644 6743
5805 895
5141 477
6519 6143
7235 4257
188 1432
1876 692
7451 5140
8802 6313
390 6425
9847 844
7933 2101
8537 5501
6015 866
9688 393
740 4551
5321 4212
9244 7550
3521 3169
4940 1031
2524 3470
4690 2960
6620 8799
9016 3269
6628 4137
3691 8270
9740 5238
3973 2360
4477 6128
498 6546
1225 4576
7295 2309
960 4736
6555 2241
1489 5268
1732 9789
8317 8026
5134 5443
1596 7032
9 1766
1931 9957
4771 9508
2285 1808
872 7296
8230 1122
8741 5062
370 6324
4435 2464
2640 4019
6884 3466
8573 7003
2731 5187
4078 5847
2865 6282
8816 6718
3645 8201
4463 3894
408 6126
5556 7876
8619 7621
7594 6152
914 5024
7004 4232
5690 1628
1874 9965
9790 4856
283 4342
5816 9457
451 5260
248 792
9652 1667
4104 9533
2364 6559
2011 8425
2447 1845
7086 7747
2171 1130
8016 7675
591 2850
3448 4957
9221 5677
2992 7081
8588 7118
1426 663
9888 8574
7201 7599
2997 3102
5611 9799
5806 40
4316 3547
7745 3938
7404 8143
3835 522
1713 2394
7235 6370
1520 434
2111 6634
9432 4512
769 9320
6440 7960
9491 6188
7618 4889
9032 3303
6092 8296
3309 6913
5340 4005
6990 9552
3872 6380
7848 2808
464 9601
2453 1947
7260 4491
2725 544
7805 3494
5956 6696
3162 8573
6611 317
8501 5524
3583 8664
4268 446
2468 6822
1421 9594
1794 7695
3736 6121
5140 5814
6283 591
4101 7758
4365 1693
3925 5233
6836 5562
9117 6567
890 3428
8483 6448
2776 9184
6202 9229
8738 4245
3386 5949
5219 3483
8929 6617
1133 5065
1773 9625
1300 384
4201 5865
7290 5637
2942 4318
6224 5399
3702 4284
9328 7030
8302 1039
646 1708
9256 2950
9302 6954
3984 7165
6921 2139
4793 5288
489 8184
8248 8798
1862 1192
6109 4193
8059 9864
3671 2372
4746 7454
6503 5682
3331 9088
1627 6128
7848 3555
208 4018
5340 6098
3835 8168
5057 4467
7496 2948
5529 8193
3384 2338
439 8724
936 8585
943 8039
862 7335
8910 4551
996 6334
1772 8412
3727 7829
8113 6210
5936 5833
2475 4739
7006 2225
5706 3299
597 9721
8970 9342
6324 9533
9068 4243
5903 9686
5173 9220
750 5486
9959 1710
4369 880
840 1284
4710 151
4022 9278
9233 4741
8313 3899
3851 3890
2080 5498
4863 2935
7914 9398
3328 4752
1829 8477
2967 6820
5227 5789
9486 9946
3057 4123
9625 6880
4511 5647
3474 8193
1933 6395
2432 5731
7918 8754
6657 2969
6294 7913
4162 9296
2974 7639
73 5988
3325 7982
455 1892
6395 770
7854 8879
6431 1511
6123 7090
5175 4260
4029 7054
67 959
3254 4278
3199 9856
7199 2891
6698 9363
4830 8908
4547 1861
824 5114
6806 5933
4711 2103
4441 9490
8611 1951
9689 5243
4751 9016
2004 6845
6754 5323
6850 4511
2421 9260
3119 4641
4707 6761
4254 1978
2322 4374
9950 3917
5806 9319
4895 7848
3856 91
4948 6933
2969 8740
9845 3582
2661 7255
2273 1063
5050 2911
2444 2605
1888 575
4990 1323
8486 8767
8432 9571
6834 8146
1395 3895
9358 6373
3106 3410
1854 9436
1050 2342
2011 5001
3550 453
2960 8607
2059 4332
7094 2531
7325 2143
6810 3579
5424 5924
3634 7970
5333 6917
5914 672
3011 7654
2123 908
8019 4579
8868 888
9230 765
3201 4030
1667 9953
2700 3118
6154 5652
4183 1888
8960 4677
8636 7049
126 154
4479 5988
6102 2506
8023 5916
4098 1711
9135 1956
9311 7089
5548 8030
2825 9990
6288 3149
6711 569
8014 3633
7762 9630
4693 1762
7258 323
2694 2708
6061 7778
1868 737
9527 9501
9537 9527
6034 8341
8533 371
1404 8532
3896 2416
3519 7831
2890 4199
6258 7775
4639 2941
9184 8572
1179 6921
2126 1500
9062 8927
8117 6378
6132 6774
3971 736
146 7183
3348 8922
5032 5862
802 4791
5487 2703
5227 6572
5735 9182
6545 1714
1809 8849
7813 3699
6400 2365
580 3507
585 2114
1701 3296
5603 1450
8387 5674
6518 5480
7661 2715
925 7290
8965 5098
8631 6710
5454 5536
1923 5011
2194 2833
581 6756
5971 9727
5756 6189
8256 8063
433 8851
6183 8794
4975 2067
1951 6752
3451 2425
3641 8130
1914 8391
5213 6686
6187 2591
1139 7840
6806 2779
2886 6030
4324 8304
5415 6552
1016 7054
3537 5391
639 975
593 3432
6038 9051
9975 5580
8248 2831
2868 2093
3378 8260
7747 143
2002 2693
6817 4439
4061 3689
8917 3343
7839 3766
3057 2819
5207 2631
7040 1157
4544 25
271 7312
8230 4820
865 3953
8919 6115
2293 8657
7617 9791
7775 7681
6270 5406
3187 5456
737 426
2212 8365
4183 5801
8654 4539
904 9310
3220 4692
3054 9042
9501 5656
7233 6995
3092 937
4481 5259
3284 368
8360 7313
5014 8799
3955 7248
4620 1809
7340 1614
8655 2041
5490 1044
3060 9558
4009 3794
9477 3377
4678 3862
799 543
7318 4244
4291 5620
7907 5162
9695 1408
5227 6109
521 4903
697 76
2690 1591
592 1268
3127 9681
9644 2005
6271 1680
1155 9848
8911 3660
1276 4706
9991 2539
8119 9050
7735 5916
7126 2543
7052 5490
9307 821
936 4042
7851 1875
5870 3701
6122 5105
7236 7670
8012 8698
4446 6003
408 1239
8 5098
8337 7972
4580 9615
4455 8338
2748 4976
6598 1608
1767 8102
3807 2601
917 3319
4775 8912
2330 5305
2615 1747
4054 4621
9320 7394
4505 8675
3388 8625
52 8473
4921 7534
7607 6232
3734 7542
7520 8986
9203 3408
9992 4444
1751 785
8705 7268
3718 4714
875 6734
9107 5247
8647 8824
6883 8902
5418 5486
6856 8306
9601 6999
3419 4988
2951 2775
7952 412
8694 7182
5515 130
407 9930
1981 9776
3145 2450
5680 6402
6364 6658
4965 1864
440 1055
4856 2150
7066 869
2743 9079
2308 8473
4151 7716
570 6544
3974 2239
6903 253
6643 5962
5868 7543
6802 7523
3345 1255
6842 4078
8279 7892
9483 2544
3913 8251
4140 4362
7001 9502
6357 989
9575 2429
3356 6437
3325 5438
3556 7752
8445 6843
5942 4585
1589 4138
6 4052
7162 976
1378 51
8268 5104
624 619
164 6159
6564 304
689 5120
3320 4198
5208 4220
6060 6760
9007 5541
9430 7558
4875 2827
7050 6579
3264 5556
5875 8145
313 4268
4203 5011
2924 5294
4148 7705
8375 1843
7313 4383
4425 363
3203 2043
397 3763
7702 9512
6883 2119
557 8543
6676 9281
3513 2216
405 2603
5472 538
2477 1115
4591 5708
9435 7544
2128 244
5453 6006
9800 3087
4467 5828
6393 5777
8680 9589
9708 5659
7636 5766
1083 6818
964 7204
993 2664
9430 5818
2026 7329
8720 7450
6253 9046
1348 7143
4494 2344
1495 4623
9367 9133
4864 8500
7854 5594
5468 2756
6033 5969
2660 6304
4145 5749
9029 3582
5869 4373
2303 9403
1537 6837
2786 6697
743 1576
8104 9379
7795 7858
2199 8569
3390 9294
7861 1559
5777 7283
8188 4227
1832 5572
56 2021
4408 6690
3413 3493
7999 9865
803 1863
7298 4774
7166 4958
4135 4990
6629 4380
8452 82
2752 1567
9940 7179
4548 2138
9113 9384
6311 5455
3979 6820
740 4829
3313 4365
4299 5465
6264 2766
4922 1351
2806 713
6075 5432
135 7339
5073 9936
9595 9166
918 5074
2956 4807
1923 6096
1342 7249
2880 8752
442 2243
3658 2693
8279 1066
2403 3412
585 7661
4911 7032
6712 9144
2922 6312
7562 7055
1106 3919
9885 1282
408 2789
8192 7100
9581 7344
6988 3160
3467 7829
4961 8553
2208 6442
1243 4515
2457 7036
8618 9491
8345 3413
2371 8966
6237 7501
1797 4430
9752 1334
8758 4004
4807 4867
3485 3885
7871 8716
17 7316
1936 5993
7593 1114
6458 8329
1024 5512
1905 6882
7145 866
5294 7949
4196 6394
7380 732
9244 6153
8705 2823
8957 3783
2821 6553
5600 4830
221 9015
945 7903
8491 1612
7462 7256
75 698
8706 7850
3411 5145
9537 8085
2321 6972
1480 4928
6901 2643
8807 5654
4195 2719
7850 927
1915 7722
2010 643
569 9111
6531 7383
1300 7484
8576 837
5101 5602
8140 7160
934 8346
8332 9440
939 5086
7915 9659
834 841
3961 3925
3023 3788
8903 2503
9904 1856
7915 6399
2860 1432
2955 7605
9325 699
8028 3600
6119 1560
7195 4149
7447 894
7264 9237
9998 1667
3636 9353
1310 9065
7738 533
2986 8332
7307 6587
9444 4186
3578 2052
9432 3333
606 2527
2074 2165
2068 8308
7888 9747
9621 8260
9115 4042
235 3926
5645 4359
1501 6618
306 5148
7776 9844
212 8050
9048 5844
46 5658
9386 3419
6415 6821
5913 9737
8177 4030
5548 2263
9948 3720
5524 9377
4289 6865
6379 280
6308 8574
4094 9819
1132 9947
4265 1609
8400 4170
2759 8975
3196 9746
6209 6796
5206 1268
1301 9126
9024 955
4735 9031
793 8385
1407 3646
1940 2365
8320 3238
5722 993
1391 5875
7933 9414
4277 8551
8986 337
5700 5303
9049 691
4117 4322
8694 2479
4263 7590
9439 9290
2398 1185
9501 8441
494 9830
2968 6059
1120 219
1982 7627
7691 8691
966 5642
3132 3131
6236 2406
1875 4848
4357 1608
5253 3974
6929 7957
9283 8327
6371 4690
2798 9864
1637 660
4560 7215
87 6414
8338 4520
1911 6809
902 6259
5795 1449
370 2043
4887 2893
8993 7614
9872 4235
9123 732
1519 9514
5701 8214
1705 2784
2482 8646
3694 2790
9369 7511
4965 1517
9400 3646
9345 9238
6324 7618
5244 8048
4379 5081
2778 7228
343 2695
7947 4993
8598 4811
5680 9083
3108 9125
8912 8001
7298 1363
5991 6027
2824 3373
1089 1253
470 3403
7010 9704
7728 201
5573 7790
9599 4226
7074 5164
510 4628
719 7821
1475 8549
439 4275
6041 8398
5620 4104
1647 3396
2062 6249
6889 1605
7202 3935
5503 9966
2860 4536
6633 635
3593 9852
2078 3734
3082 3603
5398 1903
5751 2319
797 3547
505 9886
3290 9579
26 6351
6711 5564
4 2572
9928 7749
1129 398
9104 9797
5280 6503
3078 6455
4289 1354
9625 8429
1132 8007
3261 3825
1346 3336
2423 9931
8331 4918
2890 9522
1921 1572
3496 8282
7712 8291
3830 3915
5421 4232
3751 7927
6524 7103
3736 2005
7660 2271
807 3015
7756 6397
7342 9314
174 5177
3019 3988
5990 2315
4242 8068
7740 8522
1554 7801
3818 8038
6316 1202
6355 2599
1431 9763
3235 6571
5660 9984
1432 1171
7714 2711
906 3352
1276 9176
1553 9139
7212 425
122 7624
4565 7087
4410 2407
1993 4739
1167 2666
7236 2858
6812 9250
7802 1072
6151 3581
9540 9160
4796 4424
5251 2016
2295 6461
2611 6244
8888 9265
7159 4308
4302 5981
3417 6473
4432 8923
51 6133
520 3164
5672 4544
1626 6618
785 1006
6414 3078
7436 1649
4379 3045
8880 6013
9449 5722
3151 809
3100 7637
8251 4311
4921 5798
6395 404
2778 1365
2793 9839
9410 7090
9475 7923
720 5472
999 392
2404 2568
9552 5772
1460 6658
8536 5249
9755 6271
3514 185
8067 6249
2887 7538
542 4798
1481 6259
2897 5481
502 7664
1791 9528
5844 4733
5540 635
3698 9096
1230 4707
1581 811
1068 1412
4064 7535
2755 6877
2599 1720
336 1387
6365 9329
4553 2822
5981 5510
8174 6057
3398 3936
3171 3937
9735 1159
3645 1557
6464 2720
4155 5890
298 9795
4949 1014
160 7105
2111 2274
9542 8994
5707 5764
3127 7922
1820 1748
9687 6720
1589 7830
5033 2324
5147 1593
8083 7785
6916 1795
9078 6676
1160 3638
6869 4095
4893 4335
8393 6996
5515 8181
8299 9169
7353 7612
7812 2502
6773 5979
4216 3944
3084 9337
5971 475
521 9950
2524 9291
426 90
1512 7115
4518 30
4675 6034
2228 7428
7299 7269
1949 1454
3158 6660
3008 2976
439 3995
6097 1485
7446 2236
2190 5736
3860 1269
2956 8438
9207 4239
5659 3272
8740 2451
8351 6490
3421 1491
204 3131
5150 365
2516 4927
5506 8637
5414 6676
7980 3412
8137 7763
679 2730
4689 7269
7466 7326
3979 5773
4650 8218
6133 2646
8359 2746
6290 5983
6597 3739
7610 2221
7458 2321
961 455
1484 7264
9523 6382
8425 9759
6221 2941
8995 5779
3215 3954
7817 9689
5376 1264
1624 8014
7221 597
3005 104
9579 3059
5126 9739
4774 6481
9892 4823
3087 1090
2357 3772
9309 3117
9729 628
7901 6071
1064 8866
9813 8059
7387 109
2795 5556
1243 1130
9233 6075
96 7667
4347 8132
9219 5839
5363 891
93 7144
6283 8987
9416 5333
4074 1874
2077 2951
4294 326
4894 1503
6291 8102
4567 9449
3030 6213
5593 5922
5078 9140
901 6236
8052 7201
8948 2815
7113 1248
2606 9893
1588 2472
3487 3767
9304 3340
3079 8077
6962 9230
4801 8687
6048 5573
237 3741
6262 2037
5866 6310
7892 4973
9607 8946
1643 4906
4351 89
1075 8085
673 3043
6105 3285
8650 1554
249 9886
7097 3418
3297 654
9864 6104
9565 3948
4142 5510
7087 2273
3628 2599
5136 7940
9094 8468
4296 5333
113 966
716 728
6089 8754
2893 6198
8361 8479
8483 8534
7215 4419
3329 9613
742 2812
3742 8092
3403 7895
7434 577
9455 1204
7713 4114
9963 9923
3691 162
4795 1026
5729 3535
5157 7293
5026 6053
9706 2930
9266 3998
970 8946
5652 4594
1310 9154
356 7490
3469 2786
69 4031
6323 5037
3288 1290
6447 1751
2668 9319
4594 6265
8628 6684
8075 4093
5396 211
6065 7675
5700 4726
9231 7078
824 6265
7334 7347
1981 4762
1596 1702
6439 3586
9089 5154
2687 248
6353 1815
2154 6634
5750 1708
3703 7556
4461 370
1277 681
3338 6263
1984 7212
1163 4068
4365 1873
6427 75
1602 6398
3472 9532
7013 6593
6266 9018
9270 4519
968 4740
9855 8992
1424 6229
4199 6129
6024 559
6280 5725
4706 7651
5736 8094
8500 1720
2263 5196
8075 5993
6047 8467
1180 4431
3901 3640
4338 4000
3116 5968
1433 4461
9607 3102
4818 1356
8976 975
8777 8463
1791 689
2434 450
7138 6586
1313 2483
4094 8025
9099 962
1828 9687
6088 7281
7645 7458
2804 4285
7479 831
4890 3572
4118 2530
6292 1140
273 1811
5997 662
8864 8046
5232 7592
5227 2606
2675 8516
7077 1500
5918 9271
1540 96
8112 5932
8451 6838
7179 4564
3616 875
6665 4281
1920 1968
5862 2187
9025 9756
5101 6489
7774 4491
9022 7501
3474 8642
5092 6512
1069 2291
1357 5738
6630 3903
7614 8267
5665 1652
7127 2375
915 2652
5079 7062
7170 6097
4425 3660
8994 7719
1859 5909
3914 5648
934 6459
9876 1356
759 8309
7819 8683
421 8974
5229 2788
1116 5005
7925 4119
506 4879
6295 4811
6374 3194
95 8099
3771 3607
693 3438
4796 1567
1933 5695
3033 1568
7258 8639
4226 1471
8903 8904
5747 31
8129 9545
15 1756
7564 8041
4610 1057
1517 8462
7565 5326
3795 6249
2819 2956
8558 2347
3691 7772
7352 8194
4606 1633
2323 7508
3981 4501
9703 4336
2243 7557
2829 1470
857 6141
1388 2537
2971 3485
5943 1617
9846 9645
2805 961
9766 9368
1890 3390
4541 1185
4532 454
7323 7171
7330 6835
8766 3413
9340 6176
2103 5971
5939 7090
304 3168
2908 4267
816 7735
713 1518
8389 4369
8170 21
6787 1438
8904 7028
4253 4758
4419 21
8027 8890
5101 9049
913 170
4198 7341
2863 9200
9483 9560
7342 8321
5436 8597
5848 7444
2989 3106
6652 223
8508 9316
3927 3588
1203 6978
3402 2236
396 5269
6358 8410
5175 6445
710 351
9638 3756
69 7658
717 3334
3521 503
1664 8136
4903 9003
1399 6015
3799 9400
1235 3209
6280 2217
9127 2211
4398 1888
1598 5792
6054 2620
2979 752
1341 5713
7999 9941
5987 6063
9250 3705
6798 6536
9499 906
7133 1858
8823 9553
2716 2846
2186 5730
2618 1587
5488 8547
1744 2908
7769 8145
9010 6755
2096 8874
7824 9478
8694 3281
5999 9881
8011 6939
4743 2461
3120 3552
4597 628
2458 1949
1677 5091
1636 4262
9028 1817
7447 2011
4397 533
7166 995
9140 3392
5406 6797
556 6637
9342 146
1280 3270
5321 6123
1055 142
9438 6578
3918 516
1198 2751
925 8044
5165 6330
3054 2678
2481 1664
626 2910
6498 6773
6296 3909
9453 9021
2212 4510
37 7850
4326 4587
9462 6454
5207 8029
8164 4992
4491 7263
3938 2785
4860 4845
3195 7339
790 7460
7937 2219
9528 2167
694 9397
1842 8888
9320 5634
5790 4726
1280 4110
9097 582
2823 1630
9285 8756
4770 8185
7090 149
2487 7644
562 7532
8659 9256
9515 9710
60 5592
3724 3486
8695 4639
8860 6570
4044 3067
7758 6545
7402 6623
8850 4836
7868 5503
5073 620
4610 4143
7442 6593
316 1814
2947 1613
8906 536
5352 8084
7804 4011
4948 636
4809 1189
1101 5626
6277 4948
9850 4903
9508 3480
1161 9361
2745 2661
2806 1884
1645 1352
404 9638
7688 1105
1278 3860
2980 4465
8489 9366
4666 4810
7924 4380
4802 8423
7860 5240
6886 2139
2700 4792
5221 9147
4218 6598
3752 2752
4145 1322
3697 227
3893 8815
2292 3052
8809 7142
4080 704
3684 3053
5321 3219
414 3980
5180 9171
8292 9796
6735 5812
5704 3153
3523 2732
6018 5737
4449 4427
5039 2515
7780 2423
1795 9630
2295 7053
6803 1800
5870 130
4248 3993
8547 1006
9840 7304
411 2851
6719 9962
9293 7893
9716 2334
9396 9373
1867 3330
3135 5723
2454 7997
189 8134
748 7822
286 5003
6744 4324
4411 2231
9429 797
135 8997
5039 3035
6031 31
2905 9205
3365 1113
4299 2963
1533 2455
1655 3650
5869 9677
619 5006
8979 7976
6909 5955
4219 5321
2753 1090
2994 481
7772 9324
6454 2309
6599 3193
9148 1715
827 4239
4080 4504
5073 9412
6254 9206
5921 7931
9271 6670
9470 72
1863 1347
5866 6652
3705 5088
1688 9166
2346 4368
5543 1413
3293 552
7127 537
9752 4624
2468 3216
5813 1182
1718 3214
4101 5339
5975 799
9978 4941
4805 3650
3724 7875
1618 175
6777 3473
2023 5400
9788 8960
9873 6393
6726 9743
2419 5946
4120 3198
1748 4025
9816 1685
1348 3092
4148 2224
845 3781
3459 1433
2132 4788
7368 4616
453 2686
4277 3108
3902 3473
7016 6718
3061 888
5998 912
8338 4134
9182 3565
9548 2247
2860 4706
7556 8835
3225 3571
6454 2430
6923 7860
7444 3899
1719 3187
7627 5212
3575 7620
9752 2132
6988 5600
606 150
5201 5917
5281 9687
3484 8535
4801 4646
8874 1804
9911 598
6834 1287
8946 9650
4931 561
1668 3386
2672 3532
9413 8068
1210 614
4348 7587
9307 4056
9469 465
2154 6298
7147 8520
7870 810
909 7890
7359 1206
7066 261
188 3004
1355 1953
1035 4832
6977 658
2045 379
299 1596
7259 3344
6543 8858
7652 2186
2878 543
271 6477
11 3520
6285 39
4913 7893
9474 6864
9644 9651
8313 2140
373 2970
7083 7213
2792 280
6710 3141
896 8596
2079 7070
2367 9299
73 1406
7640 172
2538 4207
2840 1088
1299 5967
3047 5549
4190 4885
7337 7732
174 7445
2705 9215
69 1107
1454 1784
3628 9094
3048 6182
9710 2868
2138 1478
9165 8448
6997 9833
8145 6840
5551 3248
2797 2674
114 8322
2411 8609
9841 5420
9602 4120
784 5371
3356 6149
8711 1989
1234 2694
1806 2984
9448 6920
3240 4876
5876 9135
5450 2270
4617 9058
7563 8397
1545 5560
2018 993
7392 9410
1049 4870
9183 7485
7695 3714
284 3766
4637 4966
1104 7011
481 2390
3850 5572
2905 1257
5487 884
3468 9904
1476 6889
7612 9184
7542 3231
5452 5734
1547 3967
515 8179
2893 7137
2291 7518
115 6384
3945 6379
9071 6650
3599 8324
4225 790
1183 9538
3019 4644
924 2372
9171 8433
9847 4369
1311 6521
6936 3955
827 7418
6321 3364
9827 7498
9448 234
1003 1295
1231 3892
7049 3076
2564 3690
2055 4473
6107 2759
2105 8088
397 3464
7794 627
6198 7570
4970 992
6687 3815
3433 325
4412 1579
6798 7424
7841 4291
2027 7856
2963 226
5089 3042
2799 330
4061 2642
1567 5948
1827 4078
3729 575
3451 7081
1387 2970
132 919
5442 9289
8153 195
5298 1451
5029 3766
7225 1188
456 7414
9358 1301
5052 920
7130 7570
9855 6981
2874 9020
9892 894
4862 7032
3677 5282
8494 8800
450 3006
5362 8033
2657 7800
9437 323
4390 4750
9060 5543
1378 9619
479 6518
9206 8044
3047 8574
3751 9008
9106 847
6792 1823
8106 4603
3586 2026
1417 8858
292 2256
7225 7326
2236 6809
5956 8618
4970 5197
4102 6544
4827 8912
2749 9109
9910 8205
6419 1853
3953 9650
3459 5236
6120 7848
1474 7044
2377 2424
6864 6400
5281 1344
3495 2294
8834 7964
4910 1804
6053 9349
6484 6734
174 2313
3870 5461
2153 358
6349 8238
1822 6320
3701 6742
6965 1103
7819 9965
7921 2846
4562 6569
1536 8773
1603 4286
6038 3567
3313 3318
589 8115
2694 7869
5791 9092
1977 7095
9821 4499
1378 3065
2561 7163
9411 6366
1488 3291
1535 5640
614 2276
5056 9560
347 6256
2246 5928
4469 5325
66 8219
6542 9862
4835 7950
4577 4513
2980 1350
2600 5193
3327 2927
2025 7719
6007 5991
8964 2319
6079 9973
4639 9776
1715 6273
947 4272
5576 8525
7360 6365
8758 5913
6719 2852
1710 7912
755 4389
9257 9773
4395 9548
8326 1608
3811 3449
6405 351
5417 4193
2139 2275
9047 8059
6888 4637
2653 7624
7658 5240
8404 9023
2226 4463
778 5725
9299 8514
4961 5382
7459 6330
3820 5349
4953 6477
9882 5528
3447 5424
126 7972
1658 967
4713 9802
1434 6505
2845 2485
4840 9915
2705 7538
4183 1247
6381 5043
7793 6168
3083 6073
220 4365
7283 1438
2148 5138
5917 393
7820 9659
5175 6842
157 1009
5698 2020
1755 6919
6595 4886
7627 2659
955 2222
4210 8156
488 5083
1330 8704
2479 6068
1502 5995
865 4796
8067 2361
7839 9672
3108 800
9886 2438
4470 3592
6998 9645
810 5101
1413 5446
2488 4612
8771 9630
5923 443
342 1377
3644 3630
1686 9725
709 8843
4316 6877
548 1939
271 9224
219 4869
7950 2021
6910 5034
7204 4437
8393 3792
4699 2319
2468 5015
1583 2197
7023 6124
9880 4059
9248 5173
8373 9225
3039 6538
3754 1757
6621 7795
4223 9740
2172 2416
3175 5836
6895 4028
1285 4002
8218 4416
9850 9321
5261 6011
8853 6729
607 4221
7115 9156
6875 7528
8005 2750
2147 7654
7286 1126
715 3557
4381 6567
9811 840
5180 5818
2298 7214
2066 6016
6697 8807
1101 1448
9526 7203
3057 2379
7157 795
8353 914
4631 3321
8246 7267
8564 1492
1582 3460
5643 299
8230 7666
823 6597
4209 2528
3381 1898
6422 611
7901 9127
7169 3947
3495 2986
6121 9689
4840 9128
8416 627
3520 4708
3211 3135
8608 419
1144 2945
3783 3678
7574 6990
2852 6911
7401 3889
8143 1722
1206 628
6673 3446
4944 4737
3704 5883
418 8986
5000 8378
3232 6653
8000 3837
6018 6339
3905 66
8965 7971
1070 5804
9028 8561
9875 6499
711 6426
4903 8938
8 3774
717 9666
8090 5702
8168 3869
6500 4023
2985 4164
295 349
3707 1306
4562 4320
7148 682
8956 7800
7277 9123
8384 6882
686 9957
7597 7125
1356 2443
7948 7976
3987 8392
6735 2962
6078 9138
9933 4965
5754 8343
5380 7689
9427 1856
2108 2206
2388 2952
8368 2432
2731 1860
4504 5410
6428 7383
886 8759
7667 9540
1738 4402
1784 782
9681 8972
9694 7316
1031 4698
4290 1133
393 7238
2092 45
7260 8162
7696 9089
5969 2337
6165 2205
9931 8700
8257 1156
9638 9816
9718 1608
3938 9050
3895 2703
3330 6459
1597 6083
8270 4394
4073 3889
9190 1392
9228 2728
6389 260
568 343
7601 2712
7390 9878
1440 8956
6343 1963
1014 1188
8797 730
3568 2020
820 146
7986 4069
3591 4099
6584 9787
631 9639
453 6884
4332 6907
5069 3595
2218 1629
281 5648
1683 1250
9168 5942
9356 7906
8839 2706
3038 1908
4472 972
2126 139
6906 8606
3293 2106
8547 8984
7564 9462
6770 344
2851 3428
233 6961
3668 2118
727 1629
4787 4352
6201 4550
9474 9918
6559 3112
2603 5017
7237 265
4310 580
9668 6147
140 9442
9918 8893
4973 801
405 9440
3813 3132
1884 9807
2807 5177
6151 8714
1239 7812
4379 268
5853 4064
4772 3583
4680 2143
7811 898
8984 4333
8405 4700
7 8412
1556 6902
3943 1289
4953 6813
9166 6465
8234 6984
6851 9656
8652 4760
4527 6459
5562 7892
3016 6916
2378 8890
3841 6809
4822 6608
2762 2858
739 8506
6089 5396
8156 7418
8884 283
3278 3344
7545 2534
5105 635
107 342
8073 4327
5817 5102
5698 3332
7361 5227
6918 5444
1424 761
3550 5076
7317 4772
891 96
1300 5195
3497 2315
668 8602
8893 8675
97 1617
7851 4060
4061 9499
3355 4343
3010 5426
6259 7324
7039 5778
9729 530
6685 7190
9040 300
7584 5960
5327 7021
4508 8120
8183 9677
4759 9950
7619 251
4582 8702
472 8284
1173 8815
8907 972
8888 7391
3080 2537
9949 4197
7914 1373
7734 7646
5648 455
3822 2867
7084 8119
8000 5300
2885 7219
2935 6643
4497 6042
6503 2572
7638 2956
9858 6799
2642 4033
7285 3334
8951 6935
1365 1457
2360 7122
170 8325
2933 5761
5965 8916
477 4118
3754 8277
8267 5069
984 3027
8549 5813
6468 1187
9190 1716
6666 5175
2239 4667
6734 6041
5841 762
5173 5809
5146 5439
982 5067
6305 5000
7009 3893
3798 4256
9485 3245
9999 2133
8196 213
1484 9048
175 9770
4772 2880
6958 7654
1220 357
9177 4029
7966 936
7641 553
6617 9368
3392 1971
1328 8812
7153 9546
5467 6955
5793 2554
7032 9145
4952 2405
2861 6113
6015 5503
9089 3563
3476 4840
2456 3519
9068 9004
7244 1325
2206 9730
667 5921
1693 8750
1705 1373
6042 8390
8847 3059
698 8150
6087 5193
5031 6216
200 5084
6084 2234
9823 5653
2 6907
8166 8878
4583 8819
5 5
7276 2275
475 9559
1460 6532
383 349
4934 3918
6199 3858
7494 6526
9934 8194
6561 8245
4684 1451
5820 8724
5010 4896
4984 4692
6551 3474
6129 3533
4329 2957
548 9036
3267 9501
5539 7885
817 35
1126 4106
6712 9991
5172 3512
2328 5495
2990 5154
8660 7776
7254 7718
3695 9891
1030 1779
5873 1811
4634 7481
5019 2433
109 4685
3739 7903
3746 9610
4246 7407
6800 5819
3550 5975
3669 466
6969 8049
4278 208
5412 804
4936 6092
5043 6639
3027 1123
200 4073
5763 5000
512 2341
5431 1261
7030 1118
522 5414
7368 6674
3658 8101
4600 8008
3634 5784
9842 2427
861 586
2619 7126
4155 2008
9230 1634
5011 7998
8704 2784
9304 4302
4713 5343
8516 7422
9827 1239
5108 4088
9852 3006
7407 7001
483 9725
5564 1901
7093 7204
8633 7423
6416 9536
3982 3156
9983 5277
5369 9654
19 7434
6812 2190
9805 8490
1232 7952
1022 5103
3175 3693
6794 3805
300 1993
7082 6578
8829 1459
1434 5403
3286 7431
7395 7163
7290 5202
4350 729
265 7615
8509 2447
234 4885
3018 8610
699 3806
8393 684
7146 1935
4288 1305
5420 3308
6912 3924
9315 7049
5949 7720
3897 7054
9156 3815
3747 4326
5168 7775
4368 6240
8665 4364
6775 2875
3794 4309
1822 1189
654 4647
684 2291
5821 4476
6316 4893
6213 8144
9783 2495
4220 1230
9763 6293
7843 8456
2629 68
1509 3904
1516 3039
5482 3503
3441 3526
4285 1162
7791 2785
3154 2706
5427 4318
4120 240
1012 7512
7863 4896
5160 2771
7885 7592
9836 5845
7632 1338
3946 9865
4 2777
1979 2010
5669 8265
5602 8401
3952 1606
7976 3002
7342 5854
4341 586
2202 7756
9465 2770
335 4789
4067 9611
839 1573
8969 8331
6660 4151
3925 3930
1230 2872
1478 4186
5789 3310
3669 4823
8195 6884
756 2026
1504 5180
345 4816
7348 273
4921 3019
3474 1392
2996 5939
6217 9850
4659 4604
795 6734
1700 9657
1471 1284
5289 3795
8600 3472
5430 3905
6449 246
7815 7218
6897 9177
4155 1238
677 8555
6663 5550
2079 5879
8219 1846
4843 7346
8179 3176
4644 5121
5335 3618
9826 9681
9114 5160
3781 5946
4106 7264
6065 9432
9029 5331
6560 9342
5987 4701
1766 5548
6721 8202
660 8305
7395 3503
5942 9104
6089 9932
5174 4094
2083 2869
693 6635
8702 6917
1457 5978
8744 5719
3128 6268
7920 2914
9856 2622
927 2229
6271 1436
9380 8136
5325 4872
1898 64
1519 5496
8438 3558
8142 8475
2673 277
8990 4478
3243 731
5539 4814
3521 4396
2916 9946
9695 3658
2803 3722
2154 396
5866 7151
2083 6603
7328 267
9704 3108
9257 2277
647 7220
5367 5559
486 8081
4969 3443
7245 9341
9739 9264
4885 1496
308 9191
5825 6941
8324 559
9666 4179
5882 6879
7893 6659
9207 9831
3425 1808
4598 4660
3144 2289
8246 7286
4537 9472
9037 6706
6352 5054
7264 6773
2926 7548
2603 9414
1610 4261
7759 1681
9858 6918
9987 9078
6449 9857
380 6328
2147 9960
3650 905
5408 2840
3459 6327
2458 318
6115 7279
9527 383
6887 630
6735 5073
6523 6616
220 4122
408 2098
8652 428
5616 6666
4425 8219
5135 8798
7970 8004
3257 5584
7076 1584
8211 2547
5688 5737
6558 7253
8779 3612
2134 3076
4249 1672
9008 6292
3280 9151
3885 8064
9139 7027
5824 7509
6093 7591
2188 3977
6270 3424
4853 2765
6193 9227
6632 8613
9187 2594
5481 2442
489 2879
9970 1831
8703 672
3794 6420
9417 3464
3939 4815
1117 7313
2777 8326
1353 1240
5648 7795
5870 1485
7762 6611
1087 9739
566 6585
8603 1561
9507 5689
2939 4858
8044 8087
9511 6262
5273 8327
8135 6385
8134 1959
3677 3338
1617 6322
7167 9646
9521 371
209 9097
9007 8709
3517 5382
3651 4739
6624 4114
312 5350
5777 3290
7570 568
8871 2114
90 4162
7970 8422
3043 9098
488 4155
8620 311
2809 1856
8642 792
3077 9513
1324 7129
5313 9049
3403 3688
6397 1142
6791 3262
3059 4679
4015 2960
4900 2240
8403 1346
8579 7136
1916 5629
3327 6691
9221 1867
5233 1293
5921 5876
9270 2341
4007 223
5034 9467
9141 323
4880 5038
650 4990
3397 9246
5661 5966
8111 9706
6478 5732
188 1115
9172 721
4964 9360
5635 3
3645 116
1176 9086
2915 7744
4541 2761
8563 5448
2614 5457
7928 5807
2849 575
3867 1222
135 57
4102 807
3408 8750
6901 9081
7495 9304
3374 4240
8188 1779
4180 8628
4163 4265
5558 9500
8638 9290
2411 5810
8063 2599
3818 8385
307 6903
6333 1395
8224 4098
1192 1161
9395 9820
1681 3624
7571 726
1656 3007
3603 3752
3546 5741
2863 2930
2507 1957
6736 5243
5616 3706
8602 129
5797 4285
4851 4288
9818 1287
5444 1369
1745 9955
8586 3695
5602 8252
2681 8124
4170 6912
3214 4766
9192 1515
8395 465
2573 2343
5242 6685
4723 6323
4467 4960
4794 4296
1485 8401
8924 2212
6265 5875
5897 561
5743 4031
3873 4737
9744 1756
8307 4928
9817 9711
344 5321
5561 2311
8544 4548
9827 3742
3396 4569
4457 1763
9066 5139
5335 9197
3466 4742
7115 3415
8202 9695
8196 8485
2338 4752
5856 5932
5354 1873
3091 5368
8782 1944
2516 6538
1950 9584
893 3491
8067 3251
1186 126
9391 9468
6636 5349
5712 3688
2984 6303
9988 9798
1286 1518
1710 9670
7489 6959
4421 7987
5357 6838
6344 6217
1561 9261
992 2665
8166 2545
2806 45
8866 6098
9606 4576
2501 643
9045 1309
489 179
7442 5830
8680 9694
4252 5593
8142 9262
7429 7365
7112 9528
8612 2523
2353 8313
6238 359
518 5651
1583 4142
3826 8791
1460 3747
9713 7994
8971 8996
9598 9870
3220 965
165 4132
617 4041
3866 7821
7139 6461
3559 4326
7838 1637
9469 7589
9530 9218
7222 2534
9488 3657
8273 2842
4522 2853
3863 6454
3191 8309
326 973
7394 6338
9902 4866
1878 2693
5828 3232
7355 9575
4446 441
2759 9419
6918 1745
9417 2048
1288 8697
9146 9315
6491 9276
79 6735
1771 7286
4104 3656
3585 3407
4805 3504
3310 1183
6654 4776
4870 3231
169 4492
3497 8704
8200 3300
6263 7911
4322 3009
6424 192
9245 2616
6095 5741
847 4464
3569 708
6844 9603
6993 6900
106 2299
8987 1462
502 7322
4250 8851
6211 8321
8399 7493
956 5203
3331 7502
2370 4480
912 9999
3932 1981
330 2333
6602 9080
5647 1782
5134 3531
7112 968
5609 5484
6548 1202
9880 3067
2943 4132
3653 1047
8957 2216
926 4130
791 6012
5764 2389
3846 6746
7086 9457
613 3285
907 9971
4359 1086
865 696
4465 1949
4442 6559
643 5268
4441 7532
8524 3343
2645 843
9238 9146
6360 5508
7895 9777
2822 6819
9427 7486
3855 930
9171 1922
6783 4173
3930 7436
4575 1471
9846 2007
8094 4048
6430 7667
2311 2429
4493 3950
8393 8986
7370 9689
122 3963
6650 7151
8147 494
3014 3513
7386 5736
6743 2815
9956 8011
2357 4418
8091 5347
1031 9435
5560 923
2531 8896
7322 2492
6912 9081
2554 1708
8111 6473
9521 7323
9017 9069
7164 4339
5958 6676
4163 2707
8439 456
2870 6179
1521 7404
4544 5993
9328 5377
3476 340
8922 9490
428 1782
530 2612
649 2907
9548 2124
4854 7272
8716 8767
8032 478
6668 5717
7240 9214
1806 2607
180 3003
8478 7676
6982 1967
249 1245
7576 7225
3387 8684
8065 3577
7069 4106
2051 5136
503 7684
4078 8897
9988 8106
8384 7776
7521 8013
7594 5634
6811 3007
815 6675
8831 8962
7045 9874
9831 3313
9086 1255
2605 801
6691 3312
2637 1146
9944 2440
4786 4042
9119 2191
8715 6530
9901 1058
3625 8907
5996 7919
3260 4139
7582 2886
7570 4232
5239 5602
3488 9230
6187 1640
6891 8903
4221 9656
5039 3543
3382 5406
7215 4131
5602 3298
8791 9336
6422 753
9223 8454
9976 1104
6361 5330
5608 2350
3056 3577
4439 4337
3350 8770
7734 1192
7719 866
520 6827
5188 9416
4802 2388
245 7555
237 9837
7437 4374
8966 5829
3506 1603
2029 8446
9672 4569
2295 3788
57 7204
6742 1092
5794 9999
384 5233
8939 6061
5946 7100
3163 7664
3977 3605
6331 7756
268 3440
9305 2978
9173 9210
1735 9878
2485 3748
6870 7042
9616 6256
2725 36
3133 2362
382 3921
4025 7968
4564 2152
4285 2899
7981 1377
8027 8008
8186 7529
2524 9216
8323 7414
5489 3505
9166 7441
5791 3101
6670 3084
2937 4504
7341 5324
612 1770
2981 8338
2019 7795
172 9709
2009 67
6829 9362
8769 2167
6981 3188
221 3605
5901 1505
6961 6999
3812 9469
6730 6550
9094 8568
651 401
4339 9406
3495 3000
3874 9457
1487 1227
474 1988
5822 8418
9004 8652
246 3894
2492 3810
9081 6320
2408 3328
2606 8459
7314 514
4950 7664
4206 6091
7585 6941
5196 7376
8498 9083
2730 5808
1641 3941
2728 2868
287 5702
2100 1348
9472 5207
2957 8596
7172 2711
2893 277
4652 157
6938 6428
8935 1828
7018 6661
8172 6458
9038 4052
8707 9963
9507 460
2850 1211
6831 8681
6314 2046
9165 5161
7498 9050
4761 1769
1871 2981
54 4407
3299 9669
5557 856
7402 942
9029 3209
8815 9028
3668 7344
3766 3843
8851 5676
5517 3813
1771 4461
7017 1594
7350 7404
1186 2629
5579 353
6678 6634
5947 6466
4338 4771
5343 6831
2610 6195
6219 8666
6842 3624
2598 2788
9659 4062
1774 3538
3652 2654
9670 8589
5408 6820
3006 6168
9230 5135
2162 5275
5299 8797
8252 4663
6684 437
6173 6459
5616 5372
9447 6420
7427 6777
4093 9540
9460 7296
1979 6638
2284 1283
6666 893
6167 7515
107 5510
1868 2412
4046 2842
5981 1710
4412 9920
7373 4072
5637 9860
3849 1451
7804 5366
8494 4662
6926 1460
8720 8026
5511 4989
2269 5650
5187 6495
5884 3046
2234 1995
1945 1078
103 1018
1353 2126
1473 1973
7917 4937
6392 3521
4 5782
8328 1743
7150 8961
2242 7039
990 2489
5092 8344
8701 2433
472 8674
717 4792
1185 6095
7014 6770
2471 2839
8618 5169
8642 7535
5629 7132
355 3839
2712 9919
3567 2497
8443 9343
835 5486
5764 7911
5469 6010
4522 1064
7257 484
3591 9276
6131 6734
956 9075
8536 1721
5579 8052
7285 4990
6898 1598
211 1874
3859 3739
6559 7491
5279 2110
1519 1419
4830 7382
8745 9020
9416 5126
3516 3512
6811 8235
6668 8505
354 2253
1068 1068
6198 6416
6811 1095
5633 5242
4895 9951
4896 8887
4111 3773
9426 3023
6408 108
3907 2968
3389 9777
5142 2773
2912 3521
9290 4873
4243 3870
2229 2604
5476 5516
8062 5592
6395 220
8246 2677
701 3914
7390 7730
5805 6446
3373 8212
1262 1754
2498 7930
8906 147
178 2807
3083 8812
4954 6060
151 5750
2007 825
161 3176
2916 2753
884 8503
6134 1527
8775 6757
5509 3483
5174 4085
3705 1231
1457 8962
797 2113
2695 3616
90 307
3206 2005
6909 7212
335 1797
2182 9229
8789 7740
2058 537
1899 5048
7929 9357
1690 1239
7110 8992
2876 4451
7603 2610
3173 4054
1280 2075
1814 1403
7990 2086
1723 406
239 6094
9326 3358
8425 3229
5047 8047
9999 6673
9699 5532
2607 988
4416 7810
2994 2855
1081 8284
6808 5496
8244 2769
9918 1710
4938 3324
9423 2831
7817 9845
4778 982
2984 8203
8271 7508
917 4184
7277 9737
1744 2253
2468 1299
5318 7489
9496 7854
2113 7810
3281 6984
5790 905
9501 8496
2449 7367
2315 8595
6871 5673
5955 4795
1242 4710
880 3872
5905 3060
5232 271
6971 528
7097 5664
1399 9966
1163 4292
8224 2885
5934 5395
6205 6445
1918 3315
1013 5053
2403 434
8085 6262
4496 9174
8771 6693
8042 7320
6768 8016
6001 7358
2972 6185
3723 2808
6442 2809
9726 138
2164 7978
1386 9287
6781 4747
4211 2919
2402 9216
803 104
6785 9722
4356 2454
4193 7564
5849 3641
2866 9611
8194 6606
2530 6754
4779 8822
1677 5959
2741 7142
7479 2519
3707 7951
4704 5065
4750 4622
5874 3229
1870 505
7570 4436
252 9378
819 2164
1927 907
8452 1150
6797 780
8052 4337
8483 3401
3944 3096
9618 7873
4902 6083
3784 9364
5115 158
5763 3850
8543 4171
4379 6400
5661 8756
1132 9554
2801 400
8056 3505
2322 7403
7148 5798
7652 6167
7137 8833
6162 6944
7403 151
4038 8054
6901 5248
4210 30
4534 6152
1865 3927
8793 6301
4579 4117
2399 7680
9735 3897
9117 8187
9056 4586
4549 1417
8036 3774
742 6695
6265 7241
8500 2235
2975 7708
2351 9581
9113 9611
9360 2843
7817 8969
2886 3732
5282 6936
3887 5669
6122 7065
1656 4388
9659 1247
8000 9754
8103 7074
9371 8357
3549 403
4823 964
6934 8485
8811 2273
9994 6171
8813 7232
6986 3387
7971 696
9366 8319
448 5461
8278 7334
5064 2215
2120 6266
6837 2747
9191 4419
1329 7709
4598 1139
7302 3646
5822 4063
543 7816
2363 7787
3869 8999
6729 5077
6653 4467
2452 5426
867 2711
163 8230
4541 3292
3353 4120
3414 8162
1516 1885
2188 6710
5298 9799
2177 720
7546 2298
2651 9927
6947 2827
7452 2777
5280 1216
3552 5241
6641 9854
5476 9060
9775 2794
2385 6373
3136 311
8634 2947
5569 6226
2722 3826
786 9448
1051 6533
710 8574
8050 1718
8203 964
1527 4305
3856 9108
3430 2430
3341 9640
8478 8534
7069 2315
312 9374
9932 425
3378 9464
2994 3134
872 1207
859 4570
470 6889
885 8221
7477 6808
9465 6037
1381 9726
5168 5227
3630 4147
4908 613
2880 6250
5949 4837
3854 3877
421 3646
3000 8680
1985 6072
647 2789
8708 854
43 4257
7743 5740
5540 6782
4026 8710
5473 4440
3080 732
241 5929
6764 9402
5961 3796
4727 9502
1490 5423
2227 9307
5690 4871
1346 2944
7842 1402
7804 1654
9701 9738
232 6247
5079 6768
1810 4930
7173 2625
4851 6849
1086 564
1159 468
1255 5899
3918 9841
1418 6400
7130 567
2239 1554
3514 439
2213 3489
5988 3501
3854 6455
9144 7512
2996 9770
1767 2565
2155 3346
4846 4800
6531 8476
3027 6262
3070 5400
7492 5388
8148 6738
7265 3912
7719 7661
8933 4924
545 941
6675 6292
9886 7529
1045 3329
6830 9907
9914 8187
5659 2155
1981 4589
1320 3262
2799 1366
5014 5393
4016 7173
5842 652
1241 2452
8562 5756
2543 5195
3743 6044
3828 431
2640 9266
8406 4866
9462 3875
4474 360
1361 6559
1900 6923
8523 26
1121 9942
6602 4856
265 1447
9282 1634
9619 9653
8032 1028
6411 6091
1442 1140
6617 8227
8628 6458
4147 1752
4291 4568
4092 2819
1609 9746
9858 7865
6661 454
1312 7863
400 8604
3473 3489
1458 1830
2831 2718
2985 8481
8299 2428
73 9450
6287 8951
9357 4445
3706 6733
8856 3457
5235 4982
7571 8203
3609 5784
3847 8177
2782 9408
834 2048
7922 3698
1547 9306
7319 9995
3823 3817
5135 7708
2914 9291
3413 6639
9011 992
7611 3048
8190 8027
5250 5220
9489 984
5997 7275
6619 8758
6662 5782
1175 9616
6784 1814
5592 7253
8703 9451
4584 1106
5603 8151
5789 9372
3667 2518
2101 1420
8025 2894
3013 4288
3509 5839
2927 6302
2285 6210
4799 6235
6508 8696
5168 1916
5298 5071
1715 9848
5947 419
563 6841
8594 9048
3688 5904
2272 1391
6244 1923
7041 1862
3650 7441
7040 9789
2519 8620
3848 1005
6660 9169
5436 4146
1793 4136
7291 2590
1725 4968
5451 8323
3273 7378
388 4329
6237 4168
1681 9265
7335 9132
5433 7085
4886 1120
6037 3403
1644 1156
7399 3923
9857 7580
2278 3771
2973 3661
9122 3270
9894 6842
4947 6439
1787 4273
3855 4744
3465 3272
6486 390
8555 8227
2500 7858
2220 4034
3732 5975
6007 6793
8898 2831
7119 8733
43 8782
3645 456
8828 247
1784 259
3939 9110
1152 5314
5848 8207
649 8326
9814 5259
523 8639
6924 2633
720 7615
9323 6928
6194 9927
6557 5405
4352 8391
9045 7184
4509 7771
8698 8554
5375 6069
6897 9077
7865 191
2889 3927
4480 5968
408 1667
2067 9407
3029 7512
5069 5873
8162 9757
5544 2046
9232 1680
7373 6657
8382 6153
3500 4605
9974 383
285 56
6509 2543
7787 7364
3323 9363
678 5863
750 2178
2075 8743
5000 6986
373 7548
7650 9605
367 629
8793 1781
2070 6000
2067 8500
8001 1970
4541 3975
370 2973
3071 2346
8468 4247
3502 8424
8829 6261
4190 9877
9994 8950
8247 3540
7098 5231
1316 2531
4375 8463
5845 214
4506 6583
9711 1502
2845 49
2750 3090
5862 6174
9151 6962
7032 5502
3195 5983
4304 7765
4727 9037
352 2909
6890 1777
9078 3670
5707 8842
1270 6072
2863 6591
5421 9371
2286 1905
438 4337
7735 2728
5885 3088
1177 6252
5099 3699
269 2059
2060 3613
153 9954
6718 1220
6807 4371
6984 9687
4098 9381
6608 8084
9866 9001
8460 8733
6665 2409
8839 2958
7941 9788
1930 9874
1480 1126
7095 4552
254 6932
5431 899
1326 1091
8711 1870
9242 2768
4685 5798
2523 4544
8812 3430
889 4324
2586 8555
9425 6748
1488 4006
6568 2122
3540 3111
4905 626
6143 3472
8612 5527
226 6434
7616 8260
8517 4629
1654 7773
4394 8621
4079 2962
8324 5669
3763 3371
5086 6191
7323 9113
3119 8324
3485 1911
9453 8412
816 4634
1446 564
2259 7032
3726 9898
536 7235
231 2742
1263 7742
1853 3779
9073 3127
8262 824
3868 1224
6927 6262
6252 9501
2256 6407
5933 6030
394 7096
1225 2861
2281 3624
8114 7086
