100
2308 7945
8929 8336
4033 4313
5830 3619
8122 1437
165 9624
3972 6227
9726 5112
2060 3418
4310 2325
8133 7654
7395 9565
6012 8293
8267 6364
8217 3367
4270 5326
8231 5787
3775 906
6847 1329
5512 7443
9760 7424
5088 4686
7964 7993
6710 3947
1423 6166
8107 1115
7532 405
7220 9158
2259 5187
525 702
8658 8697
1760 7007
9450 1603
381 5008
7261 1808
2977 2113
936 5020
4353 4032
9762 2281
7175 623
9080 637
4015 7145
6643 765
4688 2726
3153 1903
8430 2822
1195 8073
3501 9787
7529 9048
9801 3724
1492 4761
6033 1103
3884 7142
8361 2049
2700 952
1002 6314
6901 7706
7598 3881
2565 89
4103 7012
8815 7692
4416 9871
5259 6072
4341 3903
1468 7245
5175 7345
1602 9529
1439 9393
9483 3384
5420 7282
781 3224
5518 5550
91 560
2593 1249
2411 9945
3901 9868
6935 4337
7396 3319
5800 2465
6863 2313
3608 5592
8073 8369
826 4070
6630 2497
7708 5396
3352 7685
7094 4255
3662 8422
7431 3021
9454 9638
6147 1366
8261 3880
4589 5372
8961 5302
2380 5866
4443 4106
5152 4742
360 3757
7976 2958
8945 8659
